jobid	jobname	prog	num_segs	num_frames	maxvmem	cpu	exit_status
4	emt0.0.16.traindir_res10000_k5.bb5e2916a35611ecb61ca4c3f04f704a	gmtkEMtrain	5	19104	0	4.785539	0
5	emt0.0.17.traindir_res10000_k5.bb5e2916a35611ecb61ca4c3f04f704a	gmtkEMtrain	5	18071	0	9.546271	0
6	emt0.0.18.traindir_res10000_k5.bb5e2916a35611ecb61ca4c3f04f704a	gmtkEMtrain	5	17072	0	13.727988999999999	0
7	emt0.0.19.traindir_res10000_k5.bb5e2916a35611ecb61ca4c3f04f704a	gmtkEMtrain	5	15909	0	17.949597999999998	0
8	emt0.0.20.traindir_res10000_k5.bb5e2916a35611ecb61ca4c3f04f704a	gmtkEMtrain	5	14616	0	21.980905	0
9	emt0.0.21.traindir_res10000_k5.bb5e2916a35611ecb61ca4c3f04f704a	gmtkEMtrain	5	14107	0	25.417279999999998	0
10	emt0.0.1.traindir_res10000_k5.bb5e2916a35611ecb61ca4c3f04f704a	gmtkEMtrain	5	13545	0	29.140681999999998	0
11	emt0.0.2.traindir_res10000_k5.bb5e2916a35611ecb61ca4c3f04f704a	gmtkEMtrain	5	13478	0	32.841965	0
12	emt0.0.3.traindir_res10000_k5.bb5e2916a35611ecb61ca4c3f04f704a	gmtkEMtrain	5	13379	0	36.699090000000005	0
13	emt0.0.4.traindir_res10000_k5.bb5e2916a35611ecb61ca4c3f04f704a	gmtkEMtrain	5	9609	0	39.697891	0
14	emt0.0.7.traindir_res10000_k5.bb5e2916a35611ecb61ca4c3f04f704a	gmtkEMtrain	5	9011	0	42.343416000000005	0
15	emt0.0.5.traindir_res10000_k5.bb5e2916a35611ecb61ca4c3f04f704a	gmtkEMtrain	5	8829	0	45.049152	0
16	emt0.0.6.traindir_res10000_k5.bb5e2916a35611ecb61ca4c3f04f704a	gmtkEMtrain	5	8252	0	47.585338	0
17	emt0.0.8.traindir_res10000_k5.bb5e2916a35611ecb61ca4c3f04f704a	gmtkEMtrain	5	8116	0	50.056236	0
18	emt0.0.9.traindir_res10000_k5.bb5e2916a35611ecb61ca4c3f04f704a	gmtkEMtrain	5	7801	0	52.604753	0
19	emt0.0.12.traindir_res10000_k5.bb5e2916a35611ecb61ca4c3f04f704a	gmtkEMtrain	5	6291	0	54.603361	0
20	emt0.0.10.traindir_res10000_k5.bb5e2916a35611ecb61ca4c3f04f704a	gmtkEMtrain	5	5901	0	56.677869	0
21	emt0.0.13.traindir_res10000_k5.bb5e2916a35611ecb61ca4c3f04f704a	gmtkEMtrain	5	3870	0	58.275203	0
22	emt0.0.14.traindir_res10000_k5.bb5e2916a35611ecb61ca4c3f04f704a	gmtkEMtrain	5	3518	0	59.830135	0
1	emt0.0.0.traindir_res10000_k5.bb5e2916a35611ecb61ca4c3f04f704a	gmtkEMtrain	5	24870	0	65.306985	0
2	emt0.0.11.traindir_res10000_k5.bb5e2916a35611ecb61ca4c3f04f704a	gmtkEMtrain	5	24308	0	70.604347	0
3	emt0.0.15.traindir_res10000_k5.bb5e2916a35611ecb61ca4c3f04f704a	gmtkEMtrain	5	19784	0	75.367219	0
23	emt0.0.bundle.traindir_res10000_k5.bb5e2916a35611ecb61ca4c3f04f704a	gmtkEMtrain	5	0	0	75.91363799999999	0
27	emt0.1.16.traindir_res10000_k5.bb5e2916a35611ecb61ca4c3f04f704a	gmtkEMtrain	5	19104	0	80.850994	0
28	emt0.1.17.traindir_res10000_k5.bb5e2916a35611ecb61ca4c3f04f704a	gmtkEMtrain	5	18071	0	85.524936	0
29	emt0.1.18.traindir_res10000_k5.bb5e2916a35611ecb61ca4c3f04f704a	gmtkEMtrain	5	17072	0	89.82101	0
30	emt0.1.19.traindir_res10000_k5.bb5e2916a35611ecb61ca4c3f04f704a	gmtkEMtrain	5	15909	0	94.09184400000001	0
31	emt0.1.20.traindir_res10000_k5.bb5e2916a35611ecb61ca4c3f04f704a	gmtkEMtrain	5	14616	0	97.96298	0
32	emt0.1.21.traindir_res10000_k5.bb5e2916a35611ecb61ca4c3f04f704a	gmtkEMtrain	5	14107	0	101.349468	0
33	emt0.1.1.traindir_res10000_k5.bb5e2916a35611ecb61ca4c3f04f704a	gmtkEMtrain	5	13545	0	104.95879099999999	0
34	emt0.1.2.traindir_res10000_k5.bb5e2916a35611ecb61ca4c3f04f704a	gmtkEMtrain	5	13478	0	108.560393	0
35	emt0.1.3.traindir_res10000_k5.bb5e2916a35611ecb61ca4c3f04f704a	gmtkEMtrain	5	13379	0	112.259385	0
36	emt0.1.4.traindir_res10000_k5.bb5e2916a35611ecb61ca4c3f04f704a	gmtkEMtrain	5	9609	0	115.11129	0
37	emt0.1.7.traindir_res10000_k5.bb5e2916a35611ecb61ca4c3f04f704a	gmtkEMtrain	5	9011	0	117.722586	0
38	emt0.1.5.traindir_res10000_k5.bb5e2916a35611ecb61ca4c3f04f704a	gmtkEMtrain	5	8829	0	120.377631	0
39	emt0.1.6.traindir_res10000_k5.bb5e2916a35611ecb61ca4c3f04f704a	gmtkEMtrain	5	8252	0	122.879726	0
40	emt0.1.8.traindir_res10000_k5.bb5e2916a35611ecb61ca4c3f04f704a	gmtkEMtrain	5	8116	0	125.336916	0
41	emt0.1.9.traindir_res10000_k5.bb5e2916a35611ecb61ca4c3f04f704a	gmtkEMtrain	5	7801	0	127.897727	0
42	emt0.1.12.traindir_res10000_k5.bb5e2916a35611ecb61ca4c3f04f704a	gmtkEMtrain	5	6291	0	129.87767399999998	0
43	emt0.1.10.traindir_res10000_k5.bb5e2916a35611ecb61ca4c3f04f704a	gmtkEMtrain	5	5901	0	131.725963	0
44	emt0.1.13.traindir_res10000_k5.bb5e2916a35611ecb61ca4c3f04f704a	gmtkEMtrain	5	3870	0	133.254985	0
45	emt0.1.14.traindir_res10000_k5.bb5e2916a35611ecb61ca4c3f04f704a	gmtkEMtrain	5	3518	0	134.712894	0
24	emt0.1.0.traindir_res10000_k5.bb5e2916a35611ecb61ca4c3f04f704a	gmtkEMtrain	5	24870	0	139.958882	0
25	emt0.1.11.traindir_res10000_k5.bb5e2916a35611ecb61ca4c3f04f704a	gmtkEMtrain	5	24308	0	145.38032700000002	0
26	emt0.1.15.traindir_res10000_k5.bb5e2916a35611ecb61ca4c3f04f704a	gmtkEMtrain	5	19784	0	150.16528699999998	0
46	emt0.1.bundle.traindir_res10000_k5.bb5e2916a35611ecb61ca4c3f04f704a	gmtkEMtrain	5	0	0	150.805111	0
49	emt0.2.15.traindir_res10000_k5.bb5e2916a35611ecb61ca4c3f04f704a	gmtkEMtrain	5	19784	0	155.407133	0
50	emt0.2.16.traindir_res10000_k5.bb5e2916a35611ecb61ca4c3f04f704a	gmtkEMtrain	5	19104	0	159.834559	0
51	emt0.2.17.traindir_res10000_k5.bb5e2916a35611ecb61ca4c3f04f704a	gmtkEMtrain	5	18071	0	163.812914	0
52	emt0.2.18.traindir_res10000_k5.bb5e2916a35611ecb61ca4c3f04f704a	gmtkEMtrain	5	17072	0	167.643967	0
53	emt0.2.19.traindir_res10000_k5.bb5e2916a35611ecb61ca4c3f04f704a	gmtkEMtrain	5	15909	0	171.51564000000002	0
54	emt0.2.20.traindir_res10000_k5.bb5e2916a35611ecb61ca4c3f04f704a	gmtkEMtrain	5	14616	0	174.940713	0
55	emt0.2.21.traindir_res10000_k5.bb5e2916a35611ecb61ca4c3f04f704a	gmtkEMtrain	5	14107	0	178.03396899999998	0
56	emt0.2.1.traindir_res10000_k5.bb5e2916a35611ecb61ca4c3f04f704a	gmtkEMtrain	5	13545	0	181.354007	0
57	emt0.2.2.traindir_res10000_k5.bb5e2916a35611ecb61ca4c3f04f704a	gmtkEMtrain	5	13478	0	184.70468499999998	0
58	emt0.2.3.traindir_res10000_k5.bb5e2916a35611ecb61ca4c3f04f704a	gmtkEMtrain	5	13379	0	188.03751300000002	0
59	emt0.2.4.traindir_res10000_k5.bb5e2916a35611ecb61ca4c3f04f704a	gmtkEMtrain	5	9609	0	190.67330900000002	0
60	emt0.2.7.traindir_res10000_k5.bb5e2916a35611ecb61ca4c3f04f704a	gmtkEMtrain	5	9011	0	192.943305	0
61	emt0.2.5.traindir_res10000_k5.bb5e2916a35611ecb61ca4c3f04f704a	gmtkEMtrain	5	8829	0	195.396897	0
62	emt0.2.6.traindir_res10000_k5.bb5e2916a35611ecb61ca4c3f04f704a	gmtkEMtrain	5	8252	0	197.639943	0
63	emt0.2.8.traindir_res10000_k5.bb5e2916a35611ecb61ca4c3f04f704a	gmtkEMtrain	5	8116	0	199.86053099999998	0
64	emt0.2.9.traindir_res10000_k5.bb5e2916a35611ecb61ca4c3f04f704a	gmtkEMtrain	5	7801	0	202.108995	0
65	emt0.2.12.traindir_res10000_k5.bb5e2916a35611ecb61ca4c3f04f704a	gmtkEMtrain	5	6291	0	204.006	0
66	emt0.2.10.traindir_res10000_k5.bb5e2916a35611ecb61ca4c3f04f704a	gmtkEMtrain	5	5901	0	205.80089	0
67	emt0.2.13.traindir_res10000_k5.bb5e2916a35611ecb61ca4c3f04f704a	gmtkEMtrain	5	3870	0	207.222601	0
68	emt0.2.14.traindir_res10000_k5.bb5e2916a35611ecb61ca4c3f04f704a	gmtkEMtrain	5	3518	0	208.594921	0
47	emt0.2.0.traindir_res10000_k5.bb5e2916a35611ecb61ca4c3f04f704a	gmtkEMtrain	5	24870	0	213.33713500000002	0
48	emt0.2.11.traindir_res10000_k5.bb5e2916a35611ecb61ca4c3f04f704a	gmtkEMtrain	5	24308	0	218.262484	0
69	emt0.2.bundle.traindir_res10000_k5.bb5e2916a35611ecb61ca4c3f04f704a	gmtkEMtrain	5	0	0	218.906093	0
72	emt0.3.15.traindir_res10000_k5.bb5e2916a35611ecb61ca4c3f04f704a	gmtkEMtrain	5	19784	0	222.922023	0
73	emt0.3.16.traindir_res10000_k5.bb5e2916a35611ecb61ca4c3f04f704a	gmtkEMtrain	5	19104	0	226.95070299999998	0
74	emt0.3.17.traindir_res10000_k5.bb5e2916a35611ecb61ca4c3f04f704a	gmtkEMtrain	5	18071	0	230.79719500000002	0
75	emt0.3.18.traindir_res10000_k5.bb5e2916a35611ecb61ca4c3f04f704a	gmtkEMtrain	5	17072	0	234.167093	0
76	emt0.3.19.traindir_res10000_k5.bb5e2916a35611ecb61ca4c3f04f704a	gmtkEMtrain	5	15909	0	237.574455	0
77	emt0.3.20.traindir_res10000_k5.bb5e2916a35611ecb61ca4c3f04f704a	gmtkEMtrain	5	14616	0	240.78108899999998	0
78	emt0.3.21.traindir_res10000_k5.bb5e2916a35611ecb61ca4c3f04f704a	gmtkEMtrain	5	14107	0	243.552718	0
79	emt0.3.1.traindir_res10000_k5.bb5e2916a35611ecb61ca4c3f04f704a	gmtkEMtrain	5	13545	0	246.505337	0
80	emt0.3.2.traindir_res10000_k5.bb5e2916a35611ecb61ca4c3f04f704a	gmtkEMtrain	5	13478	0	249.328791	0
81	emt0.3.3.traindir_res10000_k5.bb5e2916a35611ecb61ca4c3f04f704a	gmtkEMtrain	5	13379	0	252.325166	0
82	emt0.3.4.traindir_res10000_k5.bb5e2916a35611ecb61ca4c3f04f704a	gmtkEMtrain	5	9609	0	254.779799	0
83	emt0.3.7.traindir_res10000_k5.bb5e2916a35611ecb61ca4c3f04f704a	gmtkEMtrain	5	9011	0	256.867019	0
84	emt0.3.5.traindir_res10000_k5.bb5e2916a35611ecb61ca4c3f04f704a	gmtkEMtrain	5	8829	0	259.173127	0
85	emt0.3.6.traindir_res10000_k5.bb5e2916a35611ecb61ca4c3f04f704a	gmtkEMtrain	5	8252	0	261.237113	0
86	emt0.3.8.traindir_res10000_k5.bb5e2916a35611ecb61ca4c3f04f704a	gmtkEMtrain	5	8116	0	263.180552	0
87	emt0.3.9.traindir_res10000_k5.bb5e2916a35611ecb61ca4c3f04f704a	gmtkEMtrain	5	7801	0	265.246985	0
88	emt0.3.12.traindir_res10000_k5.bb5e2916a35611ecb61ca4c3f04f704a	gmtkEMtrain	5	6291	0	267.00013	0
89	emt0.3.10.traindir_res10000_k5.bb5e2916a35611ecb61ca4c3f04f704a	gmtkEMtrain	5	5901	0	268.663397	0
90	emt0.3.13.traindir_res10000_k5.bb5e2916a35611ecb61ca4c3f04f704a	gmtkEMtrain	5	3870	0	269.95156299999996	0
91	emt0.3.14.traindir_res10000_k5.bb5e2916a35611ecb61ca4c3f04f704a	gmtkEMtrain	5	3518	0	271.24370799999997	0
70	emt0.3.0.traindir_res10000_k5.bb5e2916a35611ecb61ca4c3f04f704a	gmtkEMtrain	5	24870	0	275.287794	0
71	emt0.3.11.traindir_res10000_k5.bb5e2916a35611ecb61ca4c3f04f704a	gmtkEMtrain	5	24308	0	280.016144	0
92	emt0.3.bundle.traindir_res10000_k5.bb5e2916a35611ecb61ca4c3f04f704a	gmtkEMtrain	5	0	0	280.665976	0
95	emt0.4.15.traindir_res10000_k5.bb5e2916a35611ecb61ca4c3f04f704a	gmtkEMtrain	5	19784	0	284.63621600000005	0
96	emt0.4.16.traindir_res10000_k5.bb5e2916a35611ecb61ca4c3f04f704a	gmtkEMtrain	5	19104	0	288.516355	0
97	emt0.4.17.traindir_res10000_k5.bb5e2916a35611ecb61ca4c3f04f704a	gmtkEMtrain	5	18071	0	292.120477	0
98	emt0.4.18.traindir_res10000_k5.bb5e2916a35611ecb61ca4c3f04f704a	gmtkEMtrain	5	17072	0	295.610576	0
99	emt0.4.19.traindir_res10000_k5.bb5e2916a35611ecb61ca4c3f04f704a	gmtkEMtrain	5	15909	0	298.920992	0
100	emt0.4.20.traindir_res10000_k5.bb5e2916a35611ecb61ca4c3f04f704a	gmtkEMtrain	5	14616	0	302.05908400000004	0
101	emt0.4.21.traindir_res10000_k5.bb5e2916a35611ecb61ca4c3f04f704a	gmtkEMtrain	5	14107	0	304.844289	0
102	emt0.4.1.traindir_res10000_k5.bb5e2916a35611ecb61ca4c3f04f704a	gmtkEMtrain	5	13545	0	307.77540899999997	0
103	emt0.4.2.traindir_res10000_k5.bb5e2916a35611ecb61ca4c3f04f704a	gmtkEMtrain	5	13478	0	310.579262	0
104	emt0.4.3.traindir_res10000_k5.bb5e2916a35611ecb61ca4c3f04f704a	gmtkEMtrain	5	13379	0	313.55837	0
105	emt0.4.4.traindir_res10000_k5.bb5e2916a35611ecb61ca4c3f04f704a	gmtkEMtrain	5	9609	0	315.94807499999996	0
106	emt0.4.7.traindir_res10000_k5.bb5e2916a35611ecb61ca4c3f04f704a	gmtkEMtrain	5	9011	0	317.951869	0
107	emt0.4.5.traindir_res10000_k5.bb5e2916a35611ecb61ca4c3f04f704a	gmtkEMtrain	5	8829	0	320.20843399999995	0
108	emt0.4.6.traindir_res10000_k5.bb5e2916a35611ecb61ca4c3f04f704a	gmtkEMtrain	5	8252	0	322.262096	0
109	emt0.4.8.traindir_res10000_k5.bb5e2916a35611ecb61ca4c3f04f704a	gmtkEMtrain	5	8116	0	324.279722	0
110	emt0.4.9.traindir_res10000_k5.bb5e2916a35611ecb61ca4c3f04f704a	gmtkEMtrain	5	7801	0	326.364187	0
111	emt0.4.12.traindir_res10000_k5.bb5e2916a35611ecb61ca4c3f04f704a	gmtkEMtrain	5	6291	0	328.199362	0
112	emt0.4.10.traindir_res10000_k5.bb5e2916a35611ecb61ca4c3f04f704a	gmtkEMtrain	5	5901	0	329.770579	0
113	emt0.4.13.traindir_res10000_k5.bb5e2916a35611ecb61ca4c3f04f704a	gmtkEMtrain	5	3870	0	331.140286	0
114	emt0.4.14.traindir_res10000_k5.bb5e2916a35611ecb61ca4c3f04f704a	gmtkEMtrain	5	3518	0	332.461341	0
93	emt0.4.0.traindir_res10000_k5.bb5e2916a35611ecb61ca4c3f04f704a	gmtkEMtrain	5	24870	0	336.696461	0
94	emt0.4.11.traindir_res10000_k5.bb5e2916a35611ecb61ca4c3f04f704a	gmtkEMtrain	5	24308	0	340.957952	0
115	emt0.4.bundle.traindir_res10000_k5.bb5e2916a35611ecb61ca4c3f04f704a	gmtkEMtrain	5	0	0	341.626226	0
118	emt0.5.15.traindir_res10000_k5.bb5e2916a35611ecb61ca4c3f04f704a	gmtkEMtrain	5	19784	0	345.360138	0
119	emt0.5.16.traindir_res10000_k5.bb5e2916a35611ecb61ca4c3f04f704a	gmtkEMtrain	5	19104	0	349.109083	0
120	emt0.5.17.traindir_res10000_k5.bb5e2916a35611ecb61ca4c3f04f704a	gmtkEMtrain	5	18071	0	352.63860600000004	0
121	emt0.5.18.traindir_res10000_k5.bb5e2916a35611ecb61ca4c3f04f704a	gmtkEMtrain	5	17072	0	356.11612099999996	0
122	emt0.5.19.traindir_res10000_k5.bb5e2916a35611ecb61ca4c3f04f704a	gmtkEMtrain	5	15909	0	359.40646100000004	0
123	emt0.5.20.traindir_res10000_k5.bb5e2916a35611ecb61ca4c3f04f704a	gmtkEMtrain	5	14616	0	362.492143	0
124	emt0.5.21.traindir_res10000_k5.bb5e2916a35611ecb61ca4c3f04f704a	gmtkEMtrain	5	14107	0	365.167376	0
125	emt0.5.1.traindir_res10000_k5.bb5e2916a35611ecb61ca4c3f04f704a	gmtkEMtrain	5	13545	0	367.985076	0
126	emt0.5.2.traindir_res10000_k5.bb5e2916a35611ecb61ca4c3f04f704a	gmtkEMtrain	5	13478	0	370.81978	0
127	emt0.5.3.traindir_res10000_k5.bb5e2916a35611ecb61ca4c3f04f704a	gmtkEMtrain	5	13379	0	373.63507799999996	0
128	emt0.5.4.traindir_res10000_k5.bb5e2916a35611ecb61ca4c3f04f704a	gmtkEMtrain	5	9609	0	375.949595	0
129	emt0.5.7.traindir_res10000_k5.bb5e2916a35611ecb61ca4c3f04f704a	gmtkEMtrain	5	9011	0	377.920995	0
130	emt0.5.5.traindir_res10000_k5.bb5e2916a35611ecb61ca4c3f04f704a	gmtkEMtrain	5	8829	0	380.057415	0
131	emt0.5.6.traindir_res10000_k5.bb5e2916a35611ecb61ca4c3f04f704a	gmtkEMtrain	5	8252	0	382.081485	0
132	emt0.5.8.traindir_res10000_k5.bb5e2916a35611ecb61ca4c3f04f704a	gmtkEMtrain	5	8116	0	383.996147	0
133	emt0.5.9.traindir_res10000_k5.bb5e2916a35611ecb61ca4c3f04f704a	gmtkEMtrain	5	7801	0	385.922624	0
134	emt0.5.12.traindir_res10000_k5.bb5e2916a35611ecb61ca4c3f04f704a	gmtkEMtrain	5	6291	0	387.65158	0
135	emt0.5.10.traindir_res10000_k5.bb5e2916a35611ecb61ca4c3f04f704a	gmtkEMtrain	5	5901	0	389.23075700000004	0
136	emt0.5.13.traindir_res10000_k5.bb5e2916a35611ecb61ca4c3f04f704a	gmtkEMtrain	5	3870	0	390.522945	0
137	emt0.5.14.traindir_res10000_k5.bb5e2916a35611ecb61ca4c3f04f704a	gmtkEMtrain	5	3518	0	391.88282200000003	0
116	emt0.5.0.traindir_res10000_k5.bb5e2916a35611ecb61ca4c3f04f704a	gmtkEMtrain	5	24870	0	395.732477	0
117	emt0.5.11.traindir_res10000_k5.bb5e2916a35611ecb61ca4c3f04f704a	gmtkEMtrain	5	24308	0	399.87743600000005	0
138	emt0.5.bundle.traindir_res10000_k5.bb5e2916a35611ecb61ca4c3f04f704a	gmtkEMtrain	5	0	0	400.469268	0
141	emt0.6.15.traindir_res10000_k5.bb5e2916a35611ecb61ca4c3f04f704a	gmtkEMtrain	5	19784	0	403.51970500000004	0
142	emt0.6.16.traindir_res10000_k5.bb5e2916a35611ecb61ca4c3f04f704a	gmtkEMtrain	5	19104	0	406.84549499999997	0
143	emt0.6.17.traindir_res10000_k5.bb5e2916a35611ecb61ca4c3f04f704a	gmtkEMtrain	5	18071	0	410.063963	0
144	emt0.6.18.traindir_res10000_k5.bb5e2916a35611ecb61ca4c3f04f704a	gmtkEMtrain	5	17072	0	413.211106	0
145	emt0.6.19.traindir_res10000_k5.bb5e2916a35611ecb61ca4c3f04f704a	gmtkEMtrain	5	15909	0	416.123921	0
146	emt0.6.20.traindir_res10000_k5.bb5e2916a35611ecb61ca4c3f04f704a	gmtkEMtrain	5	14616	0	418.956031	0
147	emt0.6.21.traindir_res10000_k5.bb5e2916a35611ecb61ca4c3f04f704a	gmtkEMtrain	5	14107	0	421.400061	0
148	emt0.6.1.traindir_res10000_k5.bb5e2916a35611ecb61ca4c3f04f704a	gmtkEMtrain	5	13545	0	423.981424	0
149	emt0.6.2.traindir_res10000_k5.bb5e2916a35611ecb61ca4c3f04f704a	gmtkEMtrain	5	13478	0	426.590177	0
150	emt0.6.3.traindir_res10000_k5.bb5e2916a35611ecb61ca4c3f04f704a	gmtkEMtrain	5	13379	0	429.22229000000004	0
151	emt0.6.4.traindir_res10000_k5.bb5e2916a35611ecb61ca4c3f04f704a	gmtkEMtrain	5	9609	0	431.382974	0
152	emt0.6.7.traindir_res10000_k5.bb5e2916a35611ecb61ca4c3f04f704a	gmtkEMtrain	5	9011	0	433.199992	0
153	emt0.6.5.traindir_res10000_k5.bb5e2916a35611ecb61ca4c3f04f704a	gmtkEMtrain	5	8829	0	435.143055	0
154	emt0.6.6.traindir_res10000_k5.bb5e2916a35611ecb61ca4c3f04f704a	gmtkEMtrain	5	8252	0	437.002807	0
155	emt0.6.8.traindir_res10000_k5.bb5e2916a35611ecb61ca4c3f04f704a	gmtkEMtrain	5	8116	0	438.751977	0
156	emt0.6.9.traindir_res10000_k5.bb5e2916a35611ecb61ca4c3f04f704a	gmtkEMtrain	5	7801	0	440.559237	0
157	emt0.6.12.traindir_res10000_k5.bb5e2916a35611ecb61ca4c3f04f704a	gmtkEMtrain	5	6291	0	442.121059	0
158	emt0.6.10.traindir_res10000_k5.bb5e2916a35611ecb61ca4c3f04f704a	gmtkEMtrain	5	5901	0	443.53499	0
159	emt0.6.13.traindir_res10000_k5.bb5e2916a35611ecb61ca4c3f04f704a	gmtkEMtrain	5	3870	0	444.72886400000004	0
160	emt0.6.14.traindir_res10000_k5.bb5e2916a35611ecb61ca4c3f04f704a	gmtkEMtrain	5	3518	0	445.853294	0
139	emt0.6.0.traindir_res10000_k5.bb5e2916a35611ecb61ca4c3f04f704a	gmtkEMtrain	5	24870	0	449.725679	0
140	emt0.6.11.traindir_res10000_k5.bb5e2916a35611ecb61ca4c3f04f704a	gmtkEMtrain	5	24308	0	453.24122900000003	0
161	emt0.6.bundle.traindir_res10000_k5.bb5e2916a35611ecb61ca4c3f04f704a	gmtkEMtrain	5	0	0	453.781225	0
164	emt0.7.15.traindir_res10000_k5.bb5e2916a35611ecb61ca4c3f04f704a	gmtkEMtrain	5	19784	0	456.980125	0
165	emt0.7.16.traindir_res10000_k5.bb5e2916a35611ecb61ca4c3f04f704a	gmtkEMtrain	5	19104	0	460.327792	0
166	emt0.7.17.traindir_res10000_k5.bb5e2916a35611ecb61ca4c3f04f704a	gmtkEMtrain	5	18071	0	463.44835	0
167	emt0.7.18.traindir_res10000_k5.bb5e2916a35611ecb61ca4c3f04f704a	gmtkEMtrain	5	17072	0	466.419396	0
168	emt0.7.19.traindir_res10000_k5.bb5e2916a35611ecb61ca4c3f04f704a	gmtkEMtrain	5	15909	0	469.198919	0
169	emt0.7.20.traindir_res10000_k5.bb5e2916a35611ecb61ca4c3f04f704a	gmtkEMtrain	5	14616	0	471.846999	0
170	emt0.7.21.traindir_res10000_k5.bb5e2916a35611ecb61ca4c3f04f704a	gmtkEMtrain	5	14107	0	474.166614	0
171	emt0.7.1.traindir_res10000_k5.bb5e2916a35611ecb61ca4c3f04f704a	gmtkEMtrain	5	13545	0	476.608221	0
172	emt0.7.2.traindir_res10000_k5.bb5e2916a35611ecb61ca4c3f04f704a	gmtkEMtrain	5	13478	0	479.017989	0
173	emt0.7.3.traindir_res10000_k5.bb5e2916a35611ecb61ca4c3f04f704a	gmtkEMtrain	5	13379	0	481.463801	0
174	emt0.7.4.traindir_res10000_k5.bb5e2916a35611ecb61ca4c3f04f704a	gmtkEMtrain	5	9609	0	483.454745	0
175	emt0.7.7.traindir_res10000_k5.bb5e2916a35611ecb61ca4c3f04f704a	gmtkEMtrain	5	9011	0	485.17450299999996	0
176	emt0.7.5.traindir_res10000_k5.bb5e2916a35611ecb61ca4c3f04f704a	gmtkEMtrain	5	8829	0	487.007118	0
177	emt0.7.6.traindir_res10000_k5.bb5e2916a35611ecb61ca4c3f04f704a	gmtkEMtrain	5	8252	0	488.72216099999997	0
178	emt0.7.8.traindir_res10000_k5.bb5e2916a35611ecb61ca4c3f04f704a	gmtkEMtrain	5	8116	0	490.38230899999996	0
179	emt0.7.9.traindir_res10000_k5.bb5e2916a35611ecb61ca4c3f04f704a	gmtkEMtrain	5	7801	0	492.098466	0
180	emt0.7.12.traindir_res10000_k5.bb5e2916a35611ecb61ca4c3f04f704a	gmtkEMtrain	5	6291	0	493.593307	0
181	emt0.7.10.traindir_res10000_k5.bb5e2916a35611ecb61ca4c3f04f704a	gmtkEMtrain	5	5901	0	494.97297799999996	0
182	emt0.7.13.traindir_res10000_k5.bb5e2916a35611ecb61ca4c3f04f704a	gmtkEMtrain	5	3870	0	496.11445499999996	0
183	emt0.7.14.traindir_res10000_k5.bb5e2916a35611ecb61ca4c3f04f704a	gmtkEMtrain	5	3518	0	497.210328	0
162	emt0.7.0.traindir_res10000_k5.bb5e2916a35611ecb61ca4c3f04f704a	gmtkEMtrain	5	24870	0	500.756698	0
163	emt0.7.11.traindir_res10000_k5.bb5e2916a35611ecb61ca4c3f04f704a	gmtkEMtrain	5	24308	0	504.442428	0
184	emt0.7.bundle.traindir_res10000_k5.bb5e2916a35611ecb61ca4c3f04f704a	gmtkEMtrain	5	0	0	505.08842200000004	0
187	emt0.8.15.traindir_res10000_k5.bb5e2916a35611ecb61ca4c3f04f704a	gmtkEMtrain	5	19784	0	508.478165	0
188	emt0.8.16.traindir_res10000_k5.bb5e2916a35611ecb61ca4c3f04f704a	gmtkEMtrain	5	19104	0	511.96032099999996	0
189	emt0.8.17.traindir_res10000_k5.bb5e2916a35611ecb61ca4c3f04f704a	gmtkEMtrain	5	18071	0	515.234601	0
190	emt0.8.18.traindir_res10000_k5.bb5e2916a35611ecb61ca4c3f04f704a	gmtkEMtrain	5	17072	0	518.305657	0
191	emt0.8.19.traindir_res10000_k5.bb5e2916a35611ecb61ca4c3f04f704a	gmtkEMtrain	5	15909	0	521.359892	0
192	emt0.8.20.traindir_res10000_k5.bb5e2916a35611ecb61ca4c3f04f704a	gmtkEMtrain	5	14616	0	524.20721	0
193	emt0.8.21.traindir_res10000_k5.bb5e2916a35611ecb61ca4c3f04f704a	gmtkEMtrain	5	14107	0	526.732927	0
194	emt0.8.1.traindir_res10000_k5.bb5e2916a35611ecb61ca4c3f04f704a	gmtkEMtrain	5	13545	0	529.346969	0
195	emt0.8.2.traindir_res10000_k5.bb5e2916a35611ecb61ca4c3f04f704a	gmtkEMtrain	5	13478	0	531.954954	0
196	emt0.8.3.traindir_res10000_k5.bb5e2916a35611ecb61ca4c3f04f704a	gmtkEMtrain	5	13379	0	534.5579769999999	0
197	emt0.8.4.traindir_res10000_k5.bb5e2916a35611ecb61ca4c3f04f704a	gmtkEMtrain	5	9609	0	536.641952	0
198	emt0.8.7.traindir_res10000_k5.bb5e2916a35611ecb61ca4c3f04f704a	gmtkEMtrain	5	9011	0	538.506118	0
199	emt0.8.5.traindir_res10000_k5.bb5e2916a35611ecb61ca4c3f04f704a	gmtkEMtrain	5	8829	0	540.438402	0
200	emt0.8.6.traindir_res10000_k5.bb5e2916a35611ecb61ca4c3f04f704a	gmtkEMtrain	5	8252	0	542.295941	0
201	emt0.8.8.traindir_res10000_k5.bb5e2916a35611ecb61ca4c3f04f704a	gmtkEMtrain	5	8116	0	544.065469	0
202	emt0.8.9.traindir_res10000_k5.bb5e2916a35611ecb61ca4c3f04f704a	gmtkEMtrain	5	7801	0	545.929565	0
203	emt0.8.12.traindir_res10000_k5.bb5e2916a35611ecb61ca4c3f04f704a	gmtkEMtrain	5	6291	0	547.535402	0
204	emt0.8.10.traindir_res10000_k5.bb5e2916a35611ecb61ca4c3f04f704a	gmtkEMtrain	5	5901	0	548.9872250000001	0
205	emt0.8.13.traindir_res10000_k5.bb5e2916a35611ecb61ca4c3f04f704a	gmtkEMtrain	5	3870	0	550.2754140000001	0
206	emt0.8.14.traindir_res10000_k5.bb5e2916a35611ecb61ca4c3f04f704a	gmtkEMtrain	5	3518	0	551.4753029999999	0
185	emt0.8.0.traindir_res10000_k5.bb5e2916a35611ecb61ca4c3f04f704a	gmtkEMtrain	5	24870	0	555.326188	0
186	emt0.8.11.traindir_res10000_k5.bb5e2916a35611ecb61ca4c3f04f704a	gmtkEMtrain	5	24308	0	559.0949410000001	0
207	emt0.8.bundle.traindir_res10000_k5.bb5e2916a35611ecb61ca4c3f04f704a	gmtkEMtrain	5	0	0	559.642168	0
210	emt0.9.15.traindir_res10000_k5.bb5e2916a35611ecb61ca4c3f04f704a	gmtkEMtrain	5	19784	0	562.973587	0
211	emt0.9.16.traindir_res10000_k5.bb5e2916a35611ecb61ca4c3f04f704a	gmtkEMtrain	5	19104	0	566.226321	0
212	emt0.9.17.traindir_res10000_k5.bb5e2916a35611ecb61ca4c3f04f704a	gmtkEMtrain	5	18071	0	569.378058	0
213	emt0.9.18.traindir_res10000_k5.bb5e2916a35611ecb61ca4c3f04f704a	gmtkEMtrain	5	17072	0	572.46119	0
214	emt0.9.19.traindir_res10000_k5.bb5e2916a35611ecb61ca4c3f04f704a	gmtkEMtrain	5	15909	0	575.279334	0
215	emt0.9.20.traindir_res10000_k5.bb5e2916a35611ecb61ca4c3f04f704a	gmtkEMtrain	5	14616	0	578.050094	0
216	emt0.9.21.traindir_res10000_k5.bb5e2916a35611ecb61ca4c3f04f704a	gmtkEMtrain	5	14107	0	580.477464	0
217	emt0.9.1.traindir_res10000_k5.bb5e2916a35611ecb61ca4c3f04f704a	gmtkEMtrain	5	13545	0	583.044289	0
218	emt0.9.2.traindir_res10000_k5.bb5e2916a35611ecb61ca4c3f04f704a	gmtkEMtrain	5	13478	0	585.580775	0
219	emt0.9.3.traindir_res10000_k5.bb5e2916a35611ecb61ca4c3f04f704a	gmtkEMtrain	5	13379	0	588.146195	0
220	emt0.9.4.traindir_res10000_k5.bb5e2916a35611ecb61ca4c3f04f704a	gmtkEMtrain	5	9609	0	590.214756	0
221	emt0.9.7.traindir_res10000_k5.bb5e2916a35611ecb61ca4c3f04f704a	gmtkEMtrain	5	9011	0	592.151962	0
222	emt0.9.5.traindir_res10000_k5.bb5e2916a35611ecb61ca4c3f04f704a	gmtkEMtrain	5	8829	0	594.058743	0
223	emt0.9.6.traindir_res10000_k5.bb5e2916a35611ecb61ca4c3f04f704a	gmtkEMtrain	5	8252	0	595.8818630000001	0
224	emt0.9.8.traindir_res10000_k5.bb5e2916a35611ecb61ca4c3f04f704a	gmtkEMtrain	5	8116	0	597.651435	0
225	emt0.9.9.traindir_res10000_k5.bb5e2916a35611ecb61ca4c3f04f704a	gmtkEMtrain	5	7801	0	599.492477	0
226	emt0.9.12.traindir_res10000_k5.bb5e2916a35611ecb61ca4c3f04f704a	gmtkEMtrain	5	6291	0	601.041103	0
227	emt0.9.10.traindir_res10000_k5.bb5e2916a35611ecb61ca4c3f04f704a	gmtkEMtrain	5	5901	0	602.494227	0
228	emt0.9.13.traindir_res10000_k5.bb5e2916a35611ecb61ca4c3f04f704a	gmtkEMtrain	5	3870	0	603.673861	0
229	emt0.9.14.traindir_res10000_k5.bb5e2916a35611ecb61ca4c3f04f704a	gmtkEMtrain	5	3518	0	604.8330070000001	0
208	emt0.9.0.traindir_res10000_k5.bb5e2916a35611ecb61ca4c3f04f704a	gmtkEMtrain	5	24870	0	608.4623439999999	0
209	emt0.9.11.traindir_res10000_k5.bb5e2916a35611ecb61ca4c3f04f704a	gmtkEMtrain	5	24308	0	612.069391	0
230	emt0.9.bundle.traindir_res10000_k5.bb5e2916a35611ecb61ca4c3f04f704a	gmtkEMtrain	5	0	0	612.757264	0
233	emt0.10.15.traindir_res10000_k5.bb5e2916a35611ecb61ca4c3f04f704a	gmtkEMtrain	5	19784	0	616.055169	0
234	emt0.10.16.traindir_res10000_k5.bb5e2916a35611ecb61ca4c3f04f704a	gmtkEMtrain	5	19104	0	619.1134950000001	0
235	emt0.10.17.traindir_res10000_k5.bb5e2916a35611ecb61ca4c3f04f704a	gmtkEMtrain	5	18071	0	622.224081	0
236	emt0.10.18.traindir_res10000_k5.bb5e2916a35611ecb61ca4c3f04f704a	gmtkEMtrain	5	17072	0	625.2735819999999	0
237	emt0.10.19.traindir_res10000_k5.bb5e2916a35611ecb61ca4c3f04f704a	gmtkEMtrain	5	15909	0	628.187441	0
238	emt0.10.20.traindir_res10000_k5.bb5e2916a35611ecb61ca4c3f04f704a	gmtkEMtrain	5	14616	0	630.981638	0
239	emt0.10.21.traindir_res10000_k5.bb5e2916a35611ecb61ca4c3f04f704a	gmtkEMtrain	5	14107	0	633.432913	0
240	emt0.10.1.traindir_res10000_k5.bb5e2916a35611ecb61ca4c3f04f704a	gmtkEMtrain	5	13545	0	635.99506	0
241	emt0.10.2.traindir_res10000_k5.bb5e2916a35611ecb61ca4c3f04f704a	gmtkEMtrain	5	13478	0	638.513467	0
242	emt0.10.3.traindir_res10000_k5.bb5e2916a35611ecb61ca4c3f04f704a	gmtkEMtrain	5	13379	0	641.067881	0
243	emt0.10.4.traindir_res10000_k5.bb5e2916a35611ecb61ca4c3f04f704a	gmtkEMtrain	5	9609	0	643.136304	0
244	emt0.10.7.traindir_res10000_k5.bb5e2916a35611ecb61ca4c3f04f704a	gmtkEMtrain	5	9011	0	644.942623	0
245	emt0.10.5.traindir_res10000_k5.bb5e2916a35611ecb61ca4c3f04f704a	gmtkEMtrain	5	8829	0	646.8727240000001	0
246	emt0.10.6.traindir_res10000_k5.bb5e2916a35611ecb61ca4c3f04f704a	gmtkEMtrain	5	8252	0	648.7133339999999	0
247	emt0.10.8.traindir_res10000_k5.bb5e2916a35611ecb61ca4c3f04f704a	gmtkEMtrain	5	8116	0	650.445693	0
248	emt0.10.9.traindir_res10000_k5.bb5e2916a35611ecb61ca4c3f04f704a	gmtkEMtrain	5	7801	0	652.245501	0
249	emt0.10.12.traindir_res10000_k5.bb5e2916a35611ecb61ca4c3f04f704a	gmtkEMtrain	5	6291	0	653.768017	0
250	emt0.10.10.traindir_res10000_k5.bb5e2916a35611ecb61ca4c3f04f704a	gmtkEMtrain	5	5901	0	655.19875	0
251	emt0.10.13.traindir_res10000_k5.bb5e2916a35611ecb61ca4c3f04f704a	gmtkEMtrain	5	3870	0	656.423115	0
252	emt0.10.14.traindir_res10000_k5.bb5e2916a35611ecb61ca4c3f04f704a	gmtkEMtrain	5	3518	0	657.607955	0
231	emt0.10.0.traindir_res10000_k5.bb5e2916a35611ecb61ca4c3f04f704a	gmtkEMtrain	5	24870	0	661.244968	0
232	emt0.10.11.traindir_res10000_k5.bb5e2916a35611ecb61ca4c3f04f704a	gmtkEMtrain	5	24308	0	664.946619	0
253	emt0.10.bundle.traindir_res10000_k5.bb5e2916a35611ecb61ca4c3f04f704a	gmtkEMtrain	5	0	0	665.582969	0
256	emt0.11.15.traindir_res10000_k5.bb5e2916a35611ecb61ca4c3f04f704a	gmtkEMtrain	5	19784	0	669.154277	0
257	emt0.11.16.traindir_res10000_k5.bb5e2916a35611ecb61ca4c3f04f704a	gmtkEMtrain	5	19104	0	672.6669159999999	0
258	emt0.11.17.traindir_res10000_k5.bb5e2916a35611ecb61ca4c3f04f704a	gmtkEMtrain	5	18071	0	675.972079	0
259	emt0.11.18.traindir_res10000_k5.bb5e2916a35611ecb61ca4c3f04f704a	gmtkEMtrain	5	17072	0	679.199241	0
260	emt0.11.19.traindir_res10000_k5.bb5e2916a35611ecb61ca4c3f04f704a	gmtkEMtrain	5	15909	0	682.3254499999999	0
261	emt0.11.20.traindir_res10000_k5.bb5e2916a35611ecb61ca4c3f04f704a	gmtkEMtrain	5	14616	0	685.203392	0
262	emt0.11.21.traindir_res10000_k5.bb5e2916a35611ecb61ca4c3f04f704a	gmtkEMtrain	5	14107	0	687.692911	0
263	emt0.11.1.traindir_res10000_k5.bb5e2916a35611ecb61ca4c3f04f704a	gmtkEMtrain	5	13545	0	690.3343729999999	0
264	emt0.11.2.traindir_res10000_k5.bb5e2916a35611ecb61ca4c3f04f704a	gmtkEMtrain	5	13478	0	692.987287	0
265	emt0.11.3.traindir_res10000_k5.bb5e2916a35611ecb61ca4c3f04f704a	gmtkEMtrain	5	13379	0	695.6485919999999	0
266	emt0.11.4.traindir_res10000_k5.bb5e2916a35611ecb61ca4c3f04f704a	gmtkEMtrain	5	9609	0	697.8357570000001	0
267	emt0.11.7.traindir_res10000_k5.bb5e2916a35611ecb61ca4c3f04f704a	gmtkEMtrain	5	9011	0	699.758098	0
268	emt0.11.5.traindir_res10000_k5.bb5e2916a35611ecb61ca4c3f04f704a	gmtkEMtrain	5	8829	0	701.653908	0
269	emt0.11.6.traindir_res10000_k5.bb5e2916a35611ecb61ca4c3f04f704a	gmtkEMtrain	5	8252	0	703.505079	0
270	emt0.11.8.traindir_res10000_k5.bb5e2916a35611ecb61ca4c3f04f704a	gmtkEMtrain	5	8116	0	705.3321930000001	0
271	emt0.11.9.traindir_res10000_k5.bb5e2916a35611ecb61ca4c3f04f704a	gmtkEMtrain	5	7801	0	707.141367	0
272	emt0.11.12.traindir_res10000_k5.bb5e2916a35611ecb61ca4c3f04f704a	gmtkEMtrain	5	6291	0	708.7506099999999	0
273	emt0.11.10.traindir_res10000_k5.bb5e2916a35611ecb61ca4c3f04f704a	gmtkEMtrain	5	5901	0	710.2681729999999	0
274	emt0.11.13.traindir_res10000_k5.bb5e2916a35611ecb61ca4c3f04f704a	gmtkEMtrain	5	3870	0	711.6174960000001	0
275	emt0.11.14.traindir_res10000_k5.bb5e2916a35611ecb61ca4c3f04f704a	gmtkEMtrain	5	3518	0	712.859825	0
254	emt0.11.0.traindir_res10000_k5.bb5e2916a35611ecb61ca4c3f04f704a	gmtkEMtrain	5	24870	0	716.810603	0
255	emt0.11.11.traindir_res10000_k5.bb5e2916a35611ecb61ca4c3f04f704a	gmtkEMtrain	5	24308	0	720.845121	0
276	emt0.11.bundle.traindir_res10000_k5.bb5e2916a35611ecb61ca4c3f04f704a	gmtkEMtrain	5	0	0	721.4052439999999	0
279	emt0.12.15.traindir_res10000_k5.bb5e2916a35611ecb61ca4c3f04f704a	gmtkEMtrain	5	19784	0	725.0535610000001	0
280	emt0.12.16.traindir_res10000_k5.bb5e2916a35611ecb61ca4c3f04f704a	gmtkEMtrain	5	19104	0	728.297669	0
281	emt0.12.17.traindir_res10000_k5.bb5e2916a35611ecb61ca4c3f04f704a	gmtkEMtrain	5	18071	0	731.6333149999999	0
282	emt0.12.18.traindir_res10000_k5.bb5e2916a35611ecb61ca4c3f04f704a	gmtkEMtrain	5	17072	0	734.787074	0
283	emt0.12.19.traindir_res10000_k5.bb5e2916a35611ecb61ca4c3f04f704a	gmtkEMtrain	5	15909	0	737.731389	0
284	emt0.12.20.traindir_res10000_k5.bb5e2916a35611ecb61ca4c3f04f704a	gmtkEMtrain	5	14616	0	740.705843	0
285	emt0.12.21.traindir_res10000_k5.bb5e2916a35611ecb61ca4c3f04f704a	gmtkEMtrain	5	14107	0	743.22342	0
286	emt0.12.1.traindir_res10000_k5.bb5e2916a35611ecb61ca4c3f04f704a	gmtkEMtrain	5	13545	0	745.966336	0
287	emt0.12.2.traindir_res10000_k5.bb5e2916a35611ecb61ca4c3f04f704a	gmtkEMtrain	5	13478	0	748.710912	0
288	emt0.12.3.traindir_res10000_k5.bb5e2916a35611ecb61ca4c3f04f704a	gmtkEMtrain	5	13379	0	751.424107	0
289	emt0.12.4.traindir_res10000_k5.bb5e2916a35611ecb61ca4c3f04f704a	gmtkEMtrain	5	9609	0	753.710378	0
290	emt0.12.7.traindir_res10000_k5.bb5e2916a35611ecb61ca4c3f04f704a	gmtkEMtrain	5	9011	0	755.6531299999999	0
291	emt0.12.5.traindir_res10000_k5.bb5e2916a35611ecb61ca4c3f04f704a	gmtkEMtrain	5	8829	0	757.6524690000001	0
292	emt0.12.6.traindir_res10000_k5.bb5e2916a35611ecb61ca4c3f04f704a	gmtkEMtrain	5	8252	0	759.563648	0
293	emt0.12.8.traindir_res10000_k5.bb5e2916a35611ecb61ca4c3f04f704a	gmtkEMtrain	5	8116	0	761.37393	0
294	emt0.12.9.traindir_res10000_k5.bb5e2916a35611ecb61ca4c3f04f704a	gmtkEMtrain	5	7801	0	763.253331	0
295	emt0.12.12.traindir_res10000_k5.bb5e2916a35611ecb61ca4c3f04f704a	gmtkEMtrain	5	6291	0	764.844337	0
296	emt0.12.10.traindir_res10000_k5.bb5e2916a35611ecb61ca4c3f04f704a	gmtkEMtrain	5	5901	0	766.3540459999999	0
297	emt0.12.13.traindir_res10000_k5.bb5e2916a35611ecb61ca4c3f04f704a	gmtkEMtrain	5	3870	0	767.57758	0
298	emt0.12.14.traindir_res10000_k5.bb5e2916a35611ecb61ca4c3f04f704a	gmtkEMtrain	5	3518	0	768.769472	0
277	emt0.12.0.traindir_res10000_k5.bb5e2916a35611ecb61ca4c3f04f704a	gmtkEMtrain	5	24870	0	772.4861940000001	0
278	emt0.12.11.traindir_res10000_k5.bb5e2916a35611ecb61ca4c3f04f704a	gmtkEMtrain	5	24308	0	776.430712	0
299	emt0.12.bundle.traindir_res10000_k5.bb5e2916a35611ecb61ca4c3f04f704a	gmtkEMtrain	5	0	0	776.996889	0
302	emt0.13.15.traindir_res10000_k5.bb5e2916a35611ecb61ca4c3f04f704a	gmtkEMtrain	5	19784	0	780.34244	0
303	emt0.13.16.traindir_res10000_k5.bb5e2916a35611ecb61ca4c3f04f704a	gmtkEMtrain	5	19104	0	783.866221	0
304	emt0.13.17.traindir_res10000_k5.bb5e2916a35611ecb61ca4c3f04f704a	gmtkEMtrain	5	18071	0	787.124282	0
305	emt0.13.18.traindir_res10000_k5.bb5e2916a35611ecb61ca4c3f04f704a	gmtkEMtrain	5	17072	0	790.427269	0
306	emt0.13.19.traindir_res10000_k5.bb5e2916a35611ecb61ca4c3f04f704a	gmtkEMtrain	5	15909	0	793.4320110000001	0
307	emt0.13.20.traindir_res10000_k5.bb5e2916a35611ecb61ca4c3f04f704a	gmtkEMtrain	5	14616	0	796.270291	0
308	emt0.13.21.traindir_res10000_k5.bb5e2916a35611ecb61ca4c3f04f704a	gmtkEMtrain	5	14107	0	798.750948	0
309	emt0.13.1.traindir_res10000_k5.bb5e2916a35611ecb61ca4c3f04f704a	gmtkEMtrain	5	13545	0	801.370531	0
310	emt0.13.2.traindir_res10000_k5.bb5e2916a35611ecb61ca4c3f04f704a	gmtkEMtrain	5	13478	0	804.053482	0
311	emt0.13.3.traindir_res10000_k5.bb5e2916a35611ecb61ca4c3f04f704a	gmtkEMtrain	5	13379	0	806.679674	0
312	emt0.13.4.traindir_res10000_k5.bb5e2916a35611ecb61ca4c3f04f704a	gmtkEMtrain	5	9609	0	808.769701	0
313	emt0.13.7.traindir_res10000_k5.bb5e2916a35611ecb61ca4c3f04f704a	gmtkEMtrain	5	9011	0	810.5793729999999	0
314	emt0.13.5.traindir_res10000_k5.bb5e2916a35611ecb61ca4c3f04f704a	gmtkEMtrain	5	8829	0	812.517191	0
315	emt0.13.6.traindir_res10000_k5.bb5e2916a35611ecb61ca4c3f04f704a	gmtkEMtrain	5	8252	0	814.334417	0
316	emt0.13.8.traindir_res10000_k5.bb5e2916a35611ecb61ca4c3f04f704a	gmtkEMtrain	5	8116	0	816.12229	0
317	emt0.13.9.traindir_res10000_k5.bb5e2916a35611ecb61ca4c3f04f704a	gmtkEMtrain	5	7801	0	817.976531	0
318	emt0.13.12.traindir_res10000_k5.bb5e2916a35611ecb61ca4c3f04f704a	gmtkEMtrain	5	6291	0	819.552099	0
319	emt0.13.10.traindir_res10000_k5.bb5e2916a35611ecb61ca4c3f04f704a	gmtkEMtrain	5	5901	0	821.016997	0
320	emt0.13.13.traindir_res10000_k5.bb5e2916a35611ecb61ca4c3f04f704a	gmtkEMtrain	5	3870	0	822.206498	0
321	emt0.13.14.traindir_res10000_k5.bb5e2916a35611ecb61ca4c3f04f704a	gmtkEMtrain	5	3518	0	823.411159	0
300	emt0.13.0.traindir_res10000_k5.bb5e2916a35611ecb61ca4c3f04f704a	gmtkEMtrain	5	24870	0	827.122384	0
301	emt0.13.11.traindir_res10000_k5.bb5e2916a35611ecb61ca4c3f04f704a	gmtkEMtrain	5	24308	0	830.94051	0
322	emt0.13.bundle.traindir_res10000_k5.bb5e2916a35611ecb61ca4c3f04f704a	gmtkEMtrain	5	0	0	831.500349	0
325	emt0.14.15.traindir_res10000_k5.bb5e2916a35611ecb61ca4c3f04f704a	gmtkEMtrain	5	19784	0	835.060481	0
326	emt0.14.16.traindir_res10000_k5.bb5e2916a35611ecb61ca4c3f04f704a	gmtkEMtrain	5	19104	0	838.683828	0
327	emt0.14.17.traindir_res10000_k5.bb5e2916a35611ecb61ca4c3f04f704a	gmtkEMtrain	5	18071	0	841.975563	0
328	emt0.14.18.traindir_res10000_k5.bb5e2916a35611ecb61ca4c3f04f704a	gmtkEMtrain	5	17072	0	845.254813	0
329	emt0.14.19.traindir_res10000_k5.bb5e2916a35611ecb61ca4c3f04f704a	gmtkEMtrain	5	15909	0	848.211136	0
330	emt0.14.20.traindir_res10000_k5.bb5e2916a35611ecb61ca4c3f04f704a	gmtkEMtrain	5	14616	0	851.201482	0
331	emt0.14.21.traindir_res10000_k5.bb5e2916a35611ecb61ca4c3f04f704a	gmtkEMtrain	5	14107	0	853.835501	0
332	emt0.14.1.traindir_res10000_k5.bb5e2916a35611ecb61ca4c3f04f704a	gmtkEMtrain	5	13545	0	856.5653880000001	0
333	emt0.14.2.traindir_res10000_k5.bb5e2916a35611ecb61ca4c3f04f704a	gmtkEMtrain	5	13478	0	859.344468	0
334	emt0.14.3.traindir_res10000_k5.bb5e2916a35611ecb61ca4c3f04f704a	gmtkEMtrain	5	13379	0	862.155238	0
335	emt0.14.4.traindir_res10000_k5.bb5e2916a35611ecb61ca4c3f04f704a	gmtkEMtrain	5	9609	0	864.358655	0
336	emt0.14.7.traindir_res10000_k5.bb5e2916a35611ecb61ca4c3f04f704a	gmtkEMtrain	5	9011	0	866.298311	0
337	emt0.14.5.traindir_res10000_k5.bb5e2916a35611ecb61ca4c3f04f704a	gmtkEMtrain	5	8829	0	868.352042	0
338	emt0.14.6.traindir_res10000_k5.bb5e2916a35611ecb61ca4c3f04f704a	gmtkEMtrain	5	8252	0	870.272514	0
339	emt0.14.8.traindir_res10000_k5.bb5e2916a35611ecb61ca4c3f04f704a	gmtkEMtrain	5	8116	0	872.137283	0
340	emt0.14.9.traindir_res10000_k5.bb5e2916a35611ecb61ca4c3f04f704a	gmtkEMtrain	5	7801	0	874.043811	0
341	emt0.14.12.traindir_res10000_k5.bb5e2916a35611ecb61ca4c3f04f704a	gmtkEMtrain	5	6291	0	875.748834	0
342	emt0.14.10.traindir_res10000_k5.bb5e2916a35611ecb61ca4c3f04f704a	gmtkEMtrain	5	5901	0	877.321318	0
343	emt0.14.13.traindir_res10000_k5.bb5e2916a35611ecb61ca4c3f04f704a	gmtkEMtrain	5	3870	0	878.617582	0
344	emt0.14.14.traindir_res10000_k5.bb5e2916a35611ecb61ca4c3f04f704a	gmtkEMtrain	5	3518	0	879.838479	0
323	emt0.14.0.traindir_res10000_k5.bb5e2916a35611ecb61ca4c3f04f704a	gmtkEMtrain	5	24870	0	883.9723740000001	0
324	emt0.14.11.traindir_res10000_k5.bb5e2916a35611ecb61ca4c3f04f704a	gmtkEMtrain	5	24308	0	887.7588430000001	0
345	emt0.14.bundle.traindir_res10000_k5.bb5e2916a35611ecb61ca4c3f04f704a	gmtkEMtrain	5	0	0	888.3340069999999	0
348	emt0.15.15.traindir_res10000_k5.bb5e2916a35611ecb61ca4c3f04f704a	gmtkEMtrain	5	19784	0	891.5280720000001	0
349	emt0.15.16.traindir_res10000_k5.bb5e2916a35611ecb61ca4c3f04f704a	gmtkEMtrain	5	19104	0	894.95495	0
350	emt0.15.17.traindir_res10000_k5.bb5e2916a35611ecb61ca4c3f04f704a	gmtkEMtrain	5	18071	0	898.158464	0
351	emt0.15.18.traindir_res10000_k5.bb5e2916a35611ecb61ca4c3f04f704a	gmtkEMtrain	5	17072	0	901.187418	0
352	emt0.15.19.traindir_res10000_k5.bb5e2916a35611ecb61ca4c3f04f704a	gmtkEMtrain	5	15909	0	904.157746	0
353	emt0.15.20.traindir_res10000_k5.bb5e2916a35611ecb61ca4c3f04f704a	gmtkEMtrain	5	14616	0	906.8802209999999	0
354	emt0.15.21.traindir_res10000_k5.bb5e2916a35611ecb61ca4c3f04f704a	gmtkEMtrain	5	14107	0	909.386689	0
355	emt0.15.1.traindir_res10000_k5.bb5e2916a35611ecb61ca4c3f04f704a	gmtkEMtrain	5	13545	0	911.9727999999999	0
356	emt0.15.2.traindir_res10000_k5.bb5e2916a35611ecb61ca4c3f04f704a	gmtkEMtrain	5	13478	0	914.5985860000001	0
357	emt0.15.3.traindir_res10000_k5.bb5e2916a35611ecb61ca4c3f04f704a	gmtkEMtrain	5	13379	0	917.20561	0
358	emt0.15.4.traindir_res10000_k5.bb5e2916a35611ecb61ca4c3f04f704a	gmtkEMtrain	5	9609	0	919.37168	0
359	emt0.15.7.traindir_res10000_k5.bb5e2916a35611ecb61ca4c3f04f704a	gmtkEMtrain	5	9011	0	921.230389	0
360	emt0.15.5.traindir_res10000_k5.bb5e2916a35611ecb61ca4c3f04f704a	gmtkEMtrain	5	8829	0	923.196736	0
361	emt0.15.6.traindir_res10000_k5.bb5e2916a35611ecb61ca4c3f04f704a	gmtkEMtrain	5	8252	0	925.078884	0
362	emt0.15.8.traindir_res10000_k5.bb5e2916a35611ecb61ca4c3f04f704a	gmtkEMtrain	5	8116	0	926.8459750000001	0
363	emt0.15.9.traindir_res10000_k5.bb5e2916a35611ecb61ca4c3f04f704a	gmtkEMtrain	5	7801	0	928.6548779999999	0
364	emt0.15.12.traindir_res10000_k5.bb5e2916a35611ecb61ca4c3f04f704a	gmtkEMtrain	5	6291	0	930.304881	0
365	emt0.15.10.traindir_res10000_k5.bb5e2916a35611ecb61ca4c3f04f704a	gmtkEMtrain	5	5901	0	931.778077	0
366	emt0.15.13.traindir_res10000_k5.bb5e2916a35611ecb61ca4c3f04f704a	gmtkEMtrain	5	3870	0	933.0293800000001	0
367	emt0.15.14.traindir_res10000_k5.bb5e2916a35611ecb61ca4c3f04f704a	gmtkEMtrain	5	3518	0	934.201599	0
346	emt0.15.0.traindir_res10000_k5.bb5e2916a35611ecb61ca4c3f04f704a	gmtkEMtrain	5	24870	0	938.13936	0
347	emt0.15.11.traindir_res10000_k5.bb5e2916a35611ecb61ca4c3f04f704a	gmtkEMtrain	5	24308	0	941.701606	0
368	emt0.15.bundle.traindir_res10000_k5.bb5e2916a35611ecb61ca4c3f04f704a	gmtkEMtrain	5	0	0	942.260491	0
371	emt0.16.15.traindir_res10000_k5.bb5e2916a35611ecb61ca4c3f04f704a	gmtkEMtrain	5	19784	0	945.671924	0
372	emt0.16.16.traindir_res10000_k5.bb5e2916a35611ecb61ca4c3f04f704a	gmtkEMtrain	5	19104	0	948.92689	0
373	emt0.16.17.traindir_res10000_k5.bb5e2916a35611ecb61ca4c3f04f704a	gmtkEMtrain	5	18071	0	952.138782	0
374	emt0.16.18.traindir_res10000_k5.bb5e2916a35611ecb61ca4c3f04f704a	gmtkEMtrain	5	17072	0	955.349539	0
375	emt0.16.19.traindir_res10000_k5.bb5e2916a35611ecb61ca4c3f04f704a	gmtkEMtrain	5	15909	0	958.2519490000001	0
376	emt0.16.20.traindir_res10000_k5.bb5e2916a35611ecb61ca4c3f04f704a	gmtkEMtrain	5	14616	0	961.1280370000001	0
377	emt0.16.21.traindir_res10000_k5.bb5e2916a35611ecb61ca4c3f04f704a	gmtkEMtrain	5	14107	0	963.601004	0
378	emt0.16.1.traindir_res10000_k5.bb5e2916a35611ecb61ca4c3f04f704a	gmtkEMtrain	5	13545	0	966.2333	0
379	emt0.16.2.traindir_res10000_k5.bb5e2916a35611ecb61ca4c3f04f704a	gmtkEMtrain	5	13478	0	968.810561	0
380	emt0.16.3.traindir_res10000_k5.bb5e2916a35611ecb61ca4c3f04f704a	gmtkEMtrain	5	13379	0	971.4238310000001	0
381	emt0.16.4.traindir_res10000_k5.bb5e2916a35611ecb61ca4c3f04f704a	gmtkEMtrain	5	9609	0	973.5598170000001	0
382	emt0.16.7.traindir_res10000_k5.bb5e2916a35611ecb61ca4c3f04f704a	gmtkEMtrain	5	9011	0	975.402176	0
383	emt0.16.5.traindir_res10000_k5.bb5e2916a35611ecb61ca4c3f04f704a	gmtkEMtrain	5	8829	0	977.34376	0
384	emt0.16.6.traindir_res10000_k5.bb5e2916a35611ecb61ca4c3f04f704a	gmtkEMtrain	5	8252	0	979.196721	0
385	emt0.16.8.traindir_res10000_k5.bb5e2916a35611ecb61ca4c3f04f704a	gmtkEMtrain	5	8116	0	980.9910279999999	0
386	emt0.16.9.traindir_res10000_k5.bb5e2916a35611ecb61ca4c3f04f704a	gmtkEMtrain	5	7801	0	982.8426509999999	0
387	emt0.16.12.traindir_res10000_k5.bb5e2916a35611ecb61ca4c3f04f704a	gmtkEMtrain	5	6291	0	984.441857	0
388	emt0.16.10.traindir_res10000_k5.bb5e2916a35611ecb61ca4c3f04f704a	gmtkEMtrain	5	5901	0	985.923426	0
389	emt0.16.13.traindir_res10000_k5.bb5e2916a35611ecb61ca4c3f04f704a	gmtkEMtrain	5	3870	0	987.1879680000001	0
390	emt0.16.14.traindir_res10000_k5.bb5e2916a35611ecb61ca4c3f04f704a	gmtkEMtrain	5	3518	0	988.3034670000001	0
369	emt0.16.0.traindir_res10000_k5.bb5e2916a35611ecb61ca4c3f04f704a	gmtkEMtrain	5	24870	0	991.878944	0
370	emt0.16.11.traindir_res10000_k5.bb5e2916a35611ecb61ca4c3f04f704a	gmtkEMtrain	5	24308	0	995.481414	0
391	emt0.16.bundle.traindir_res10000_k5.bb5e2916a35611ecb61ca4c3f04f704a	gmtkEMtrain	5	0	0	996.1151130000001	0
394	emt0.17.15.traindir_res10000_k5.bb5e2916a35611ecb61ca4c3f04f704a	gmtkEMtrain	5	19784	0	999.477155	0
395	emt0.17.16.traindir_res10000_k5.bb5e2916a35611ecb61ca4c3f04f704a	gmtkEMtrain	5	19104	0	1002.663855	0
396	emt0.17.17.traindir_res10000_k5.bb5e2916a35611ecb61ca4c3f04f704a	gmtkEMtrain	5	18071	0	1005.9012859999999	0
397	emt0.17.18.traindir_res10000_k5.bb5e2916a35611ecb61ca4c3f04f704a	gmtkEMtrain	5	17072	0	1009.016283	0
398	emt0.17.19.traindir_res10000_k5.bb5e2916a35611ecb61ca4c3f04f704a	gmtkEMtrain	5	15909	0	1011.9442270000001	0
399	emt0.17.20.traindir_res10000_k5.bb5e2916a35611ecb61ca4c3f04f704a	gmtkEMtrain	5	14616	0	1014.811524	0
400	emt0.17.21.traindir_res10000_k5.bb5e2916a35611ecb61ca4c3f04f704a	gmtkEMtrain	5	14107	0	1017.346318	0
401	emt0.17.1.traindir_res10000_k5.bb5e2916a35611ecb61ca4c3f04f704a	gmtkEMtrain	5	13545	0	1019.982741	0
402	emt0.17.2.traindir_res10000_k5.bb5e2916a35611ecb61ca4c3f04f704a	gmtkEMtrain	5	13478	0	1022.601042	0
403	emt0.17.3.traindir_res10000_k5.bb5e2916a35611ecb61ca4c3f04f704a	gmtkEMtrain	5	13379	0	1025.246858	0
404	emt0.17.4.traindir_res10000_k5.bb5e2916a35611ecb61ca4c3f04f704a	gmtkEMtrain	5	9609	0	1027.419512	0
405	emt0.17.7.traindir_res10000_k5.bb5e2916a35611ecb61ca4c3f04f704a	gmtkEMtrain	5	9011	0	1029.306109	0
406	emt0.17.5.traindir_res10000_k5.bb5e2916a35611ecb61ca4c3f04f704a	gmtkEMtrain	5	8829	0	1031.252576	0
407	emt0.17.6.traindir_res10000_k5.bb5e2916a35611ecb61ca4c3f04f704a	gmtkEMtrain	5	8252	0	1033.075793	0
408	emt0.17.8.traindir_res10000_k5.bb5e2916a35611ecb61ca4c3f04f704a	gmtkEMtrain	5	8116	0	1034.878473	0
409	emt0.17.9.traindir_res10000_k5.bb5e2916a35611ecb61ca4c3f04f704a	gmtkEMtrain	5	7801	0	1036.712804	0
410	emt0.17.12.traindir_res10000_k5.bb5e2916a35611ecb61ca4c3f04f704a	gmtkEMtrain	5	6291	0	1038.3505930000001	0
411	emt0.17.10.traindir_res10000_k5.bb5e2916a35611ecb61ca4c3f04f704a	gmtkEMtrain	5	5901	0	1039.916166	0
412	emt0.17.13.traindir_res10000_k5.bb5e2916a35611ecb61ca4c3f04f704a	gmtkEMtrain	5	3870	0	1041.207015	0
413	emt0.17.14.traindir_res10000_k5.bb5e2916a35611ecb61ca4c3f04f704a	gmtkEMtrain	5	3518	0	1042.38654	0
392	emt0.17.0.traindir_res10000_k5.bb5e2916a35611ecb61ca4c3f04f704a	gmtkEMtrain	5	24870	0	1045.897848	0
393	emt0.17.11.traindir_res10000_k5.bb5e2916a35611ecb61ca4c3f04f704a	gmtkEMtrain	5	24308	0	1050.072108	0
414	emt0.17.bundle.traindir_res10000_k5.bb5e2916a35611ecb61ca4c3f04f704a	gmtkEMtrain	5	0	0	1050.634798	0
417	emt0.18.15.traindir_res10000_k5.bb5e2916a35611ecb61ca4c3f04f704a	gmtkEMtrain	5	19784	0	1053.894844	0
418	emt0.18.16.traindir_res10000_k5.bb5e2916a35611ecb61ca4c3f04f704a	gmtkEMtrain	5	19104	0	1056.87867	0
419	emt0.18.17.traindir_res10000_k5.bb5e2916a35611ecb61ca4c3f04f704a	gmtkEMtrain	5	18071	0	1059.8738190000001	0
420	emt0.18.18.traindir_res10000_k5.bb5e2916a35611ecb61ca4c3f04f704a	gmtkEMtrain	5	17072	0	1062.778275	0
421	emt0.18.19.traindir_res10000_k5.bb5e2916a35611ecb61ca4c3f04f704a	gmtkEMtrain	5	15909	0	1065.5010790000001	0
422	emt0.18.20.traindir_res10000_k5.bb5e2916a35611ecb61ca4c3f04f704a	gmtkEMtrain	5	14616	0	1068.0851579999999	0
423	emt0.18.21.traindir_res10000_k5.bb5e2916a35611ecb61ca4c3f04f704a	gmtkEMtrain	5	14107	0	1070.357826	0
424	emt0.18.1.traindir_res10000_k5.bb5e2916a35611ecb61ca4c3f04f704a	gmtkEMtrain	5	13545	0	1072.7818359999999	0
425	emt0.18.2.traindir_res10000_k5.bb5e2916a35611ecb61ca4c3f04f704a	gmtkEMtrain	5	13478	0	1075.175965	0
426	emt0.18.3.traindir_res10000_k5.bb5e2916a35611ecb61ca4c3f04f704a	gmtkEMtrain	5	13379	0	1077.539931	0
427	emt0.18.4.traindir_res10000_k5.bb5e2916a35611ecb61ca4c3f04f704a	gmtkEMtrain	5	9609	0	1079.507639	0
428	emt0.18.7.traindir_res10000_k5.bb5e2916a35611ecb61ca4c3f04f704a	gmtkEMtrain	5	9011	0	1081.207363	0
429	emt0.18.5.traindir_res10000_k5.bb5e2916a35611ecb61ca4c3f04f704a	gmtkEMtrain	5	8829	0	1083.01957	0
430	emt0.18.6.traindir_res10000_k5.bb5e2916a35611ecb61ca4c3f04f704a	gmtkEMtrain	5	8252	0	1084.682338	0
431	emt0.18.8.traindir_res10000_k5.bb5e2916a35611ecb61ca4c3f04f704a	gmtkEMtrain	5	8116	0	1086.3137590000001	0
432	emt0.18.9.traindir_res10000_k5.bb5e2916a35611ecb61ca4c3f04f704a	gmtkEMtrain	5	7801	0	1088.050271	0
433	emt0.18.12.traindir_res10000_k5.bb5e2916a35611ecb61ca4c3f04f704a	gmtkEMtrain	5	6291	0	1089.490702	0
434	emt0.18.10.traindir_res10000_k5.bb5e2916a35611ecb61ca4c3f04f704a	gmtkEMtrain	5	5901	0	1090.888867	0
435	emt0.18.13.traindir_res10000_k5.bb5e2916a35611ecb61ca4c3f04f704a	gmtkEMtrain	5	3870	0	1091.996022	0
436	emt0.18.14.traindir_res10000_k5.bb5e2916a35611ecb61ca4c3f04f704a	gmtkEMtrain	5	3518	0	1093.105191	0
415	emt0.18.0.traindir_res10000_k5.bb5e2916a35611ecb61ca4c3f04f704a	gmtkEMtrain	5	24870	0	1096.49983	0
416	emt0.18.11.traindir_res10000_k5.bb5e2916a35611ecb61ca4c3f04f704a	gmtkEMtrain	5	24308	0	1100.1554059999999	0
437	emt0.18.bundle.traindir_res10000_k5.bb5e2916a35611ecb61ca4c3f04f704a	gmtkEMtrain	5	0	0	1100.7450489999999	0
440	emt0.19.15.traindir_res10000_k5.bb5e2916a35611ecb61ca4c3f04f704a	gmtkEMtrain	5	19784	0	1104.020164	0
441	emt0.19.16.traindir_res10000_k5.bb5e2916a35611ecb61ca4c3f04f704a	gmtkEMtrain	5	19104	0	1107.189529	0
442	emt0.19.17.traindir_res10000_k5.bb5e2916a35611ecb61ca4c3f04f704a	gmtkEMtrain	5	18071	0	1110.156162	0
443	emt0.19.18.traindir_res10000_k5.bb5e2916a35611ecb61ca4c3f04f704a	gmtkEMtrain	5	17072	0	1113.004075	0
444	emt0.19.19.traindir_res10000_k5.bb5e2916a35611ecb61ca4c3f04f704a	gmtkEMtrain	5	15909	0	1115.678261	0
445	emt0.19.20.traindir_res10000_k5.bb5e2916a35611ecb61ca4c3f04f704a	gmtkEMtrain	5	14616	0	1118.2276940000002	0
446	emt0.19.21.traindir_res10000_k5.bb5e2916a35611ecb61ca4c3f04f704a	gmtkEMtrain	5	14107	0	1120.527115	0
447	emt0.19.1.traindir_res10000_k5.bb5e2916a35611ecb61ca4c3f04f704a	gmtkEMtrain	5	13545	0	1122.925631	0
448	emt0.19.2.traindir_res10000_k5.bb5e2916a35611ecb61ca4c3f04f704a	gmtkEMtrain	5	13478	0	1125.320615	0
449	emt0.19.3.traindir_res10000_k5.bb5e2916a35611ecb61ca4c3f04f704a	gmtkEMtrain	5	13379	0	1127.694358	0
450	emt0.19.4.traindir_res10000_k5.bb5e2916a35611ecb61ca4c3f04f704a	gmtkEMtrain	5	9609	0	1129.633686	0
451	emt0.19.7.traindir_res10000_k5.bb5e2916a35611ecb61ca4c3f04f704a	gmtkEMtrain	5	9011	0	1131.349804	0
452	emt0.19.5.traindir_res10000_k5.bb5e2916a35611ecb61ca4c3f04f704a	gmtkEMtrain	5	8829	0	1133.163872	0
453	emt0.19.6.traindir_res10000_k5.bb5e2916a35611ecb61ca4c3f04f704a	gmtkEMtrain	5	8252	0	1134.919692	0
454	emt0.19.8.traindir_res10000_k5.bb5e2916a35611ecb61ca4c3f04f704a	gmtkEMtrain	5	8116	0	1136.591824	0
455	emt0.19.9.traindir_res10000_k5.bb5e2916a35611ecb61ca4c3f04f704a	gmtkEMtrain	5	7801	0	1138.290373	0
456	emt0.19.12.traindir_res10000_k5.bb5e2916a35611ecb61ca4c3f04f704a	gmtkEMtrain	5	6291	0	1139.746096	0
457	emt0.19.10.traindir_res10000_k5.bb5e2916a35611ecb61ca4c3f04f704a	gmtkEMtrain	5	5901	0	1141.180625	0
458	emt0.19.13.traindir_res10000_k5.bb5e2916a35611ecb61ca4c3f04f704a	gmtkEMtrain	5	3870	0	1142.3176389999999	0
459	emt0.19.14.traindir_res10000_k5.bb5e2916a35611ecb61ca4c3f04f704a	gmtkEMtrain	5	3518	0	1143.396168	0
438	emt0.19.0.traindir_res10000_k5.bb5e2916a35611ecb61ca4c3f04f704a	gmtkEMtrain	5	24870	0	1147.0086529999999	0
439	emt0.19.11.traindir_res10000_k5.bb5e2916a35611ecb61ca4c3f04f704a	gmtkEMtrain	5	24308	0	1150.408012	0
460	emt0.19.bundle.traindir_res10000_k5.bb5e2916a35611ecb61ca4c3f04f704a	gmtkEMtrain	5	0	0	1150.9921969999998	0
463	emt0.20.15.traindir_res10000_k5.bb5e2916a35611ecb61ca4c3f04f704a	gmtkEMtrain	5	19784	0	1154.209427	0
464	emt0.20.16.traindir_res10000_k5.bb5e2916a35611ecb61ca4c3f04f704a	gmtkEMtrain	5	19104	0	1157.35473	0
465	emt0.20.17.traindir_res10000_k5.bb5e2916a35611ecb61ca4c3f04f704a	gmtkEMtrain	5	18071	0	1160.402056	0
466	emt0.20.18.traindir_res10000_k5.bb5e2916a35611ecb61ca4c3f04f704a	gmtkEMtrain	5	17072	0	1163.3277799999998	0
467	emt0.20.19.traindir_res10000_k5.bb5e2916a35611ecb61ca4c3f04f704a	gmtkEMtrain	5	15909	0	1165.993098	0
468	emt0.20.20.traindir_res10000_k5.bb5e2916a35611ecb61ca4c3f04f704a	gmtkEMtrain	5	14616	0	1168.646297	0
469	emt0.20.21.traindir_res10000_k5.bb5e2916a35611ecb61ca4c3f04f704a	gmtkEMtrain	5	14107	0	1170.949145	0
470	emt0.20.1.traindir_res10000_k5.bb5e2916a35611ecb61ca4c3f04f704a	gmtkEMtrain	5	13545	0	1173.37174	0
471	emt0.20.2.traindir_res10000_k5.bb5e2916a35611ecb61ca4c3f04f704a	gmtkEMtrain	5	13478	0	1175.8284500000002	0
472	emt0.20.3.traindir_res10000_k5.bb5e2916a35611ecb61ca4c3f04f704a	gmtkEMtrain	5	13379	0	1178.242383	0
473	emt0.20.4.traindir_res10000_k5.bb5e2916a35611ecb61ca4c3f04f704a	gmtkEMtrain	5	9609	0	1180.2185450000002	0
474	emt0.20.7.traindir_res10000_k5.bb5e2916a35611ecb61ca4c3f04f704a	gmtkEMtrain	5	9011	0	1181.949893	0
475	emt0.20.5.traindir_res10000_k5.bb5e2916a35611ecb61ca4c3f04f704a	gmtkEMtrain	5	8829	0	1183.784758	0
476	emt0.20.6.traindir_res10000_k5.bb5e2916a35611ecb61ca4c3f04f704a	gmtkEMtrain	5	8252	0	1185.533454	0
477	emt0.20.8.traindir_res10000_k5.bb5e2916a35611ecb61ca4c3f04f704a	gmtkEMtrain	5	8116	0	1187.2155539999999	0
478	emt0.20.9.traindir_res10000_k5.bb5e2916a35611ecb61ca4c3f04f704a	gmtkEMtrain	5	7801	0	1188.993963	0
479	emt0.20.12.traindir_res10000_k5.bb5e2916a35611ecb61ca4c3f04f704a	gmtkEMtrain	5	6291	0	1190.419964	0
480	emt0.20.10.traindir_res10000_k5.bb5e2916a35611ecb61ca4c3f04f704a	gmtkEMtrain	5	5901	0	1191.792806	0
481	emt0.20.13.traindir_res10000_k5.bb5e2916a35611ecb61ca4c3f04f704a	gmtkEMtrain	5	3870	0	1192.916299	0
482	emt0.20.14.traindir_res10000_k5.bb5e2916a35611ecb61ca4c3f04f704a	gmtkEMtrain	5	3518	0	1193.9981989999999	0
461	emt0.20.0.traindir_res10000_k5.bb5e2916a35611ecb61ca4c3f04f704a	gmtkEMtrain	5	24870	0	1197.392017	0
462	emt0.20.11.traindir_res10000_k5.bb5e2916a35611ecb61ca4c3f04f704a	gmtkEMtrain	5	24308	0	1200.837837	0
483	emt0.20.bundle.traindir_res10000_k5.bb5e2916a35611ecb61ca4c3f04f704a	gmtkEMtrain	5	0	0	1201.406859	0
486	emt0.21.15.traindir_res10000_k5.bb5e2916a35611ecb61ca4c3f04f704a	gmtkEMtrain	5	19784	0	1204.740587	0
487	emt0.21.16.traindir_res10000_k5.bb5e2916a35611ecb61ca4c3f04f704a	gmtkEMtrain	5	19104	0	1207.801816	0
488	emt0.21.17.traindir_res10000_k5.bb5e2916a35611ecb61ca4c3f04f704a	gmtkEMtrain	5	18071	0	1210.860955	0
489	emt0.21.18.traindir_res10000_k5.bb5e2916a35611ecb61ca4c3f04f704a	gmtkEMtrain	5	17072	0	1213.6989170000002	0
490	emt0.21.19.traindir_res10000_k5.bb5e2916a35611ecb61ca4c3f04f704a	gmtkEMtrain	5	15909	0	1216.559125	0
491	emt0.21.20.traindir_res10000_k5.bb5e2916a35611ecb61ca4c3f04f704a	gmtkEMtrain	5	14616	0	1219.164483	0
492	emt0.21.21.traindir_res10000_k5.bb5e2916a35611ecb61ca4c3f04f704a	gmtkEMtrain	5	14107	0	1221.4870839999999	0
493	emt0.21.1.traindir_res10000_k5.bb5e2916a35611ecb61ca4c3f04f704a	gmtkEMtrain	5	13545	0	1223.928753	0
494	emt0.21.2.traindir_res10000_k5.bb5e2916a35611ecb61ca4c3f04f704a	gmtkEMtrain	5	13478	0	1226.367707	0
495	emt0.21.3.traindir_res10000_k5.bb5e2916a35611ecb61ca4c3f04f704a	gmtkEMtrain	5	13379	0	1228.798459	0
496	emt0.21.4.traindir_res10000_k5.bb5e2916a35611ecb61ca4c3f04f704a	gmtkEMtrain	5	9609	0	1230.773906	0
497	emt0.21.7.traindir_res10000_k5.bb5e2916a35611ecb61ca4c3f04f704a	gmtkEMtrain	5	9011	0	1232.462595	0
498	emt0.21.5.traindir_res10000_k5.bb5e2916a35611ecb61ca4c3f04f704a	gmtkEMtrain	5	8829	0	1234.269342	0
499	emt0.21.6.traindir_res10000_k5.bb5e2916a35611ecb61ca4c3f04f704a	gmtkEMtrain	5	8252	0	1235.860425	0
500	emt0.21.8.traindir_res10000_k5.bb5e2916a35611ecb61ca4c3f04f704a	gmtkEMtrain	5	8116	0	1237.4948869999998	0
501	emt0.21.9.traindir_res10000_k5.bb5e2916a35611ecb61ca4c3f04f704a	gmtkEMtrain	5	7801	0	1239.1993080000002	0
502	emt0.21.12.traindir_res10000_k5.bb5e2916a35611ecb61ca4c3f04f704a	gmtkEMtrain	5	6291	0	1240.713592	0
503	emt0.21.10.traindir_res10000_k5.bb5e2916a35611ecb61ca4c3f04f704a	gmtkEMtrain	5	5901	0	1242.176059	0
504	emt0.21.13.traindir_res10000_k5.bb5e2916a35611ecb61ca4c3f04f704a	gmtkEMtrain	5	3870	0	1243.363907	0
505	emt0.21.14.traindir_res10000_k5.bb5e2916a35611ecb61ca4c3f04f704a	gmtkEMtrain	5	3518	0	1244.424305	0
484	emt0.21.0.traindir_res10000_k5.bb5e2916a35611ecb61ca4c3f04f704a	gmtkEMtrain	5	24870	0	1248.181639	0
485	emt0.21.11.traindir_res10000_k5.bb5e2916a35611ecb61ca4c3f04f704a	gmtkEMtrain	5	24308	0	1251.850541	0
506	emt0.21.bundle.traindir_res10000_k5.bb5e2916a35611ecb61ca4c3f04f704a	gmtkEMtrain	5	0	0	1252.439207	0
509	emt0.22.15.traindir_res10000_k5.bb5e2916a35611ecb61ca4c3f04f704a	gmtkEMtrain	5	19784	0	1255.829275	0
510	emt0.22.16.traindir_res10000_k5.bb5e2916a35611ecb61ca4c3f04f704a	gmtkEMtrain	5	19104	0	1259.1788430000001	0
511	emt0.22.17.traindir_res10000_k5.bb5e2916a35611ecb61ca4c3f04f704a	gmtkEMtrain	5	18071	0	1262.36118	0
512	emt0.22.18.traindir_res10000_k5.bb5e2916a35611ecb61ca4c3f04f704a	gmtkEMtrain	5	17072	0	1265.470585	0
513	emt0.22.19.traindir_res10000_k5.bb5e2916a35611ecb61ca4c3f04f704a	gmtkEMtrain	5	15909	0	1268.335428	0
514	emt0.22.20.traindir_res10000_k5.bb5e2916a35611ecb61ca4c3f04f704a	gmtkEMtrain	5	14616	0	1271.141722	0
515	emt0.22.21.traindir_res10000_k5.bb5e2916a35611ecb61ca4c3f04f704a	gmtkEMtrain	5	14107	0	1273.566578	0
516	emt0.22.1.traindir_res10000_k5.bb5e2916a35611ecb61ca4c3f04f704a	gmtkEMtrain	5	13545	0	1276.0717590000002	0
517	emt0.22.2.traindir_res10000_k5.bb5e2916a35611ecb61ca4c3f04f704a	gmtkEMtrain	5	13478	0	1278.5431879999999	0
518	emt0.22.3.traindir_res10000_k5.bb5e2916a35611ecb61ca4c3f04f704a	gmtkEMtrain	5	13379	0	1281.107221	0
519	emt0.22.4.traindir_res10000_k5.bb5e2916a35611ecb61ca4c3f04f704a	gmtkEMtrain	5	9609	0	1283.178031	0
520	emt0.22.7.traindir_res10000_k5.bb5e2916a35611ecb61ca4c3f04f704a	gmtkEMtrain	5	9011	0	1284.960298	0
521	emt0.22.5.traindir_res10000_k5.bb5e2916a35611ecb61ca4c3f04f704a	gmtkEMtrain	5	8829	0	1286.819524	0
522	emt0.22.6.traindir_res10000_k5.bb5e2916a35611ecb61ca4c3f04f704a	gmtkEMtrain	5	8252	0	1288.6115080000002	0
523	emt0.22.8.traindir_res10000_k5.bb5e2916a35611ecb61ca4c3f04f704a	gmtkEMtrain	5	8116	0	1290.305637	0
524	emt0.22.9.traindir_res10000_k5.bb5e2916a35611ecb61ca4c3f04f704a	gmtkEMtrain	5	7801	0	1292.0544710000001	0
525	emt0.22.12.traindir_res10000_k5.bb5e2916a35611ecb61ca4c3f04f704a	gmtkEMtrain	5	6291	0	1293.523821	0
526	emt0.22.10.traindir_res10000_k5.bb5e2916a35611ecb61ca4c3f04f704a	gmtkEMtrain	5	5901	0	1294.932432	0
527	emt0.22.13.traindir_res10000_k5.bb5e2916a35611ecb61ca4c3f04f704a	gmtkEMtrain	5	3870	0	1296.087851	0
528	emt0.22.14.traindir_res10000_k5.bb5e2916a35611ecb61ca4c3f04f704a	gmtkEMtrain	5	3518	0	1297.264524	0
507	emt0.22.0.traindir_res10000_k5.bb5e2916a35611ecb61ca4c3f04f704a	gmtkEMtrain	5	24870	0	1301.1582059999998	0
508	emt0.22.11.traindir_res10000_k5.bb5e2916a35611ecb61ca4c3f04f704a	gmtkEMtrain	5	24308	0	1304.98901	0
529	emt0.22.bundle.traindir_res10000_k5.bb5e2916a35611ecb61ca4c3f04f704a	gmtkEMtrain	5	0	0	1305.5237550000002	0
532	emt0.23.15.traindir_res10000_k5.bb5e2916a35611ecb61ca4c3f04f704a	gmtkEMtrain	5	19784	0	1309.112603	0
533	emt0.23.16.traindir_res10000_k5.bb5e2916a35611ecb61ca4c3f04f704a	gmtkEMtrain	5	19104	0	1312.459482	0
534	emt0.23.17.traindir_res10000_k5.bb5e2916a35611ecb61ca4c3f04f704a	gmtkEMtrain	5	18071	0	1315.858762	0
535	emt0.23.18.traindir_res10000_k5.bb5e2916a35611ecb61ca4c3f04f704a	gmtkEMtrain	5	17072	0	1319.075796	0
536	emt0.23.19.traindir_res10000_k5.bb5e2916a35611ecb61ca4c3f04f704a	gmtkEMtrain	5	15909	0	1322.122308	0
537	emt0.23.20.traindir_res10000_k5.bb5e2916a35611ecb61ca4c3f04f704a	gmtkEMtrain	5	14616	0	1325.010338	0
538	emt0.23.21.traindir_res10000_k5.bb5e2916a35611ecb61ca4c3f04f704a	gmtkEMtrain	5	14107	0	1327.615475	0
539	emt0.23.1.traindir_res10000_k5.bb5e2916a35611ecb61ca4c3f04f704a	gmtkEMtrain	5	13545	0	1330.224127	0
540	emt0.23.2.traindir_res10000_k5.bb5e2916a35611ecb61ca4c3f04f704a	gmtkEMtrain	5	13478	0	1332.861909	0
541	emt0.23.3.traindir_res10000_k5.bb5e2916a35611ecb61ca4c3f04f704a	gmtkEMtrain	5	13379	0	1335.5414680000001	0
542	emt0.23.4.traindir_res10000_k5.bb5e2916a35611ecb61ca4c3f04f704a	gmtkEMtrain	5	9609	0	1337.661536	0
543	emt0.23.7.traindir_res10000_k5.bb5e2916a35611ecb61ca4c3f04f704a	gmtkEMtrain	5	9011	0	1339.555574	0
544	emt0.23.5.traindir_res10000_k5.bb5e2916a35611ecb61ca4c3f04f704a	gmtkEMtrain	5	8829	0	1341.533786	0
545	emt0.23.6.traindir_res10000_k5.bb5e2916a35611ecb61ca4c3f04f704a	gmtkEMtrain	5	8252	0	1343.350726	0
546	emt0.23.8.traindir_res10000_k5.bb5e2916a35611ecb61ca4c3f04f704a	gmtkEMtrain	5	8116	0	1345.129065	0
547	emt0.23.9.traindir_res10000_k5.bb5e2916a35611ecb61ca4c3f04f704a	gmtkEMtrain	5	7801	0	1347.003571	0
548	emt0.23.12.traindir_res10000_k5.bb5e2916a35611ecb61ca4c3f04f704a	gmtkEMtrain	5	6291	0	1348.61813	0
549	emt0.23.10.traindir_res10000_k5.bb5e2916a35611ecb61ca4c3f04f704a	gmtkEMtrain	5	5901	0	1350.144859	0
550	emt0.23.13.traindir_res10000_k5.bb5e2916a35611ecb61ca4c3f04f704a	gmtkEMtrain	5	3870	0	1351.415575	0
551	emt0.23.14.traindir_res10000_k5.bb5e2916a35611ecb61ca4c3f04f704a	gmtkEMtrain	5	3518	0	1352.6349519999999	0
530	emt0.23.0.traindir_res10000_k5.bb5e2916a35611ecb61ca4c3f04f704a	gmtkEMtrain	5	24870	0	1356.2728009999998	0
531	emt0.23.11.traindir_res10000_k5.bb5e2916a35611ecb61ca4c3f04f704a	gmtkEMtrain	5	24308	0	1360.3320740000001	0
552	emt0.23.bundle.traindir_res10000_k5.bb5e2916a35611ecb61ca4c3f04f704a	gmtkEMtrain	5	0	0	1360.882914	0
