jobid	jobname	prog	num_segs	num_frames	maxvmem	cpu	exit_status
2	emt0.0.11.traindir_res25000_k6.5c0fb16aa3c311ec8d53a4c3f04f704a	gmtkEMtrain	6	9728	0	3.048419	0
3	emt0.0.15.traindir_res25000_k6.5c0fb16aa3c311ec8d53a4c3f04f704a	gmtkEMtrain	6	7914	0	5.783523	0
4	emt0.0.16.traindir_res25000_k6.5c0fb16aa3c311ec8d53a4c3f04f704a	gmtkEMtrain	6	7642	0	8.411799	0
5	emt0.0.17.traindir_res25000_k6.5c0fb16aa3c311ec8d53a4c3f04f704a	gmtkEMtrain	6	7229	0	10.824519	0
6	emt0.0.18.traindir_res25000_k6.5c0fb16aa3c311ec8d53a4c3f04f704a	gmtkEMtrain	6	6829	0	13.329267999999999	0
7	emt0.0.19.traindir_res25000_k6.5c0fb16aa3c311ec8d53a4c3f04f704a	gmtkEMtrain	6	6365	0	15.684223999999999	0
8	emt0.0.20.traindir_res25000_k6.5c0fb16aa3c311ec8d53a4c3f04f704a	gmtkEMtrain	6	5847	0	17.913712	0
9	emt0.0.21.traindir_res25000_k6.5c0fb16aa3c311ec8d53a4c3f04f704a	gmtkEMtrain	6	5644	0	19.886207	0
10	emt0.0.1.traindir_res25000_k6.5c0fb16aa3c311ec8d53a4c3f04f704a	gmtkEMtrain	6	5418	0	22.005213	0
11	emt0.0.2.traindir_res25000_k6.5c0fb16aa3c311ec8d53a4c3f04f704a	gmtkEMtrain	6	5391	0	24.138765000000003	0
12	emt0.0.3.traindir_res25000_k6.5c0fb16aa3c311ec8d53a4c3f04f704a	gmtkEMtrain	6	5352	0	26.218798999999997	0
13	emt0.0.4.traindir_res25000_k6.5c0fb16aa3c311ec8d53a4c3f04f704a	gmtkEMtrain	6	3844	0	27.985628	0
14	emt0.0.7.traindir_res25000_k6.5c0fb16aa3c311ec8d53a4c3f04f704a	gmtkEMtrain	6	3604	0	29.56192	0
15	emt0.0.5.traindir_res25000_k6.5c0fb16aa3c311ec8d53a4c3f04f704a	gmtkEMtrain	6	3532	0	31.247483	0
16	emt0.0.6.traindir_res25000_k6.5c0fb16aa3c311ec8d53a4c3f04f704a	gmtkEMtrain	6	3298	0	32.767974	0
17	emt0.0.8.traindir_res25000_k6.5c0fb16aa3c311ec8d53a4c3f04f704a	gmtkEMtrain	6	3247	0	34.30487	0
18	emt0.0.9.traindir_res25000_k6.5c0fb16aa3c311ec8d53a4c3f04f704a	gmtkEMtrain	6	3121	0	35.784179	0
19	emt0.0.12.traindir_res25000_k6.5c0fb16aa3c311ec8d53a4c3f04f704a	gmtkEMtrain	6	2517	0	37.165671	0
20	emt0.0.10.traindir_res25000_k6.5c0fb16aa3c311ec8d53a4c3f04f704a	gmtkEMtrain	6	2361	0	38.446664999999996	0
21	emt0.0.13.traindir_res25000_k6.5c0fb16aa3c311ec8d53a4c3f04f704a	gmtkEMtrain	6	1549	0	39.561364	0
22	emt0.0.14.traindir_res25000_k6.5c0fb16aa3c311ec8d53a4c3f04f704a	gmtkEMtrain	6	1407	0	40.644402	0
1	emt0.0.0.traindir_res25000_k6.5c0fb16aa3c311ec8d53a4c3f04f704a	gmtkEMtrain	6	9947	0	43.54799	0
23	emt0.0.bundle.traindir_res25000_k6.5c0fb16aa3c311ec8d53a4c3f04f704a	gmtkEMtrain	6	0	0	44.127926	0
25	emt0.1.11.traindir_res25000_k6.5c0fb16aa3c311ec8d53a4c3f04f704a	gmtkEMtrain	6	9728	0	47.158361	0
26	emt0.1.15.traindir_res25000_k6.5c0fb16aa3c311ec8d53a4c3f04f704a	gmtkEMtrain	6	7914	0	49.867357	0
27	emt0.1.16.traindir_res25000_k6.5c0fb16aa3c311ec8d53a4c3f04f704a	gmtkEMtrain	6	7642	0	52.530836	0
28	emt0.1.17.traindir_res25000_k6.5c0fb16aa3c311ec8d53a4c3f04f704a	gmtkEMtrain	6	7229	0	55.082285	0
29	emt0.1.18.traindir_res25000_k6.5c0fb16aa3c311ec8d53a4c3f04f704a	gmtkEMtrain	6	6829	0	57.507086	0
30	emt0.1.19.traindir_res25000_k6.5c0fb16aa3c311ec8d53a4c3f04f704a	gmtkEMtrain	6	6365	0	59.917048	0
31	emt0.1.20.traindir_res25000_k6.5c0fb16aa3c311ec8d53a4c3f04f704a	gmtkEMtrain	6	5847	0	62.144919	0
32	emt0.1.21.traindir_res25000_k6.5c0fb16aa3c311ec8d53a4c3f04f704a	gmtkEMtrain	6	5644	0	64.114102	0
33	emt0.1.1.traindir_res25000_k6.5c0fb16aa3c311ec8d53a4c3f04f704a	gmtkEMtrain	6	5418	0	66.317532	0
34	emt0.1.2.traindir_res25000_k6.5c0fb16aa3c311ec8d53a4c3f04f704a	gmtkEMtrain	6	5391	0	68.419014	0
35	emt0.1.3.traindir_res25000_k6.5c0fb16aa3c311ec8d53a4c3f04f704a	gmtkEMtrain	6	5352	0	70.55489800000001	0
36	emt0.1.4.traindir_res25000_k6.5c0fb16aa3c311ec8d53a4c3f04f704a	gmtkEMtrain	6	3844	0	72.29679399999999	0
37	emt0.1.7.traindir_res25000_k6.5c0fb16aa3c311ec8d53a4c3f04f704a	gmtkEMtrain	6	3604	0	73.880089	0
38	emt0.1.5.traindir_res25000_k6.5c0fb16aa3c311ec8d53a4c3f04f704a	gmtkEMtrain	6	3532	0	75.549782	0
39	emt0.1.6.traindir_res25000_k6.5c0fb16aa3c311ec8d53a4c3f04f704a	gmtkEMtrain	6	3298	0	77.123044	0
40	emt0.1.8.traindir_res25000_k6.5c0fb16aa3c311ec8d53a4c3f04f704a	gmtkEMtrain	6	3247	0	78.658617	0
41	emt0.1.9.traindir_res25000_k6.5c0fb16aa3c311ec8d53a4c3f04f704a	gmtkEMtrain	6	3121	0	80.140125	0
42	emt0.1.12.traindir_res25000_k6.5c0fb16aa3c311ec8d53a4c3f04f704a	gmtkEMtrain	6	2517	0	81.476741	0
43	emt0.1.10.traindir_res25000_k6.5c0fb16aa3c311ec8d53a4c3f04f704a	gmtkEMtrain	6	2361	0	82.777452	0
44	emt0.1.13.traindir_res25000_k6.5c0fb16aa3c311ec8d53a4c3f04f704a	gmtkEMtrain	6	1549	0	83.852006	0
45	emt0.1.14.traindir_res25000_k6.5c0fb16aa3c311ec8d53a4c3f04f704a	gmtkEMtrain	6	1407	0	84.904528	0
24	emt0.1.0.traindir_res25000_k6.5c0fb16aa3c311ec8d53a4c3f04f704a	gmtkEMtrain	6	9947	0	87.788687	0
46	emt0.1.bundle.traindir_res25000_k6.5c0fb16aa3c311ec8d53a4c3f04f704a	gmtkEMtrain	6	0	0	88.38855799999999	0
48	emt0.2.11.traindir_res25000_k6.5c0fb16aa3c311ec8d53a4c3f04f704a	gmtkEMtrain	6	9728	0	90.96285300000001	0
49	emt0.2.15.traindir_res25000_k6.5c0fb16aa3c311ec8d53a4c3f04f704a	gmtkEMtrain	6	7914	0	93.403122	0
50	emt0.2.16.traindir_res25000_k6.5c0fb16aa3c311ec8d53a4c3f04f704a	gmtkEMtrain	6	7642	0	95.808116	0
51	emt0.2.17.traindir_res25000_k6.5c0fb16aa3c311ec8d53a4c3f04f704a	gmtkEMtrain	6	7229	0	98.10833500000001	0
52	emt0.2.18.traindir_res25000_k6.5c0fb16aa3c311ec8d53a4c3f04f704a	gmtkEMtrain	6	6829	0	100.276138	0
53	emt0.2.19.traindir_res25000_k6.5c0fb16aa3c311ec8d53a4c3f04f704a	gmtkEMtrain	6	6365	0	102.42822899999999	0
54	emt0.2.20.traindir_res25000_k6.5c0fb16aa3c311ec8d53a4c3f04f704a	gmtkEMtrain	6	5847	0	104.414606	0
55	emt0.2.21.traindir_res25000_k6.5c0fb16aa3c311ec8d53a4c3f04f704a	gmtkEMtrain	6	5644	0	106.204538	0
56	emt0.2.1.traindir_res25000_k6.5c0fb16aa3c311ec8d53a4c3f04f704a	gmtkEMtrain	6	5418	0	108.114811	0
57	emt0.2.2.traindir_res25000_k6.5c0fb16aa3c311ec8d53a4c3f04f704a	gmtkEMtrain	6	5391	0	109.965621	0
58	emt0.2.3.traindir_res25000_k6.5c0fb16aa3c311ec8d53a4c3f04f704a	gmtkEMtrain	6	5352	0	111.87577	0
59	emt0.2.4.traindir_res25000_k6.5c0fb16aa3c311ec8d53a4c3f04f704a	gmtkEMtrain	6	3844	0	113.45084	0
60	emt0.2.7.traindir_res25000_k6.5c0fb16aa3c311ec8d53a4c3f04f704a	gmtkEMtrain	6	3604	0	114.882448	0
61	emt0.2.5.traindir_res25000_k6.5c0fb16aa3c311ec8d53a4c3f04f704a	gmtkEMtrain	6	3532	0	116.389674	0
62	emt0.2.6.traindir_res25000_k6.5c0fb16aa3c311ec8d53a4c3f04f704a	gmtkEMtrain	6	3298	0	117.845052	0
63	emt0.2.8.traindir_res25000_k6.5c0fb16aa3c311ec8d53a4c3f04f704a	gmtkEMtrain	6	3247	0	119.26333399999999	0
64	emt0.2.9.traindir_res25000_k6.5c0fb16aa3c311ec8d53a4c3f04f704a	gmtkEMtrain	6	3121	0	120.62034999999999	0
65	emt0.2.12.traindir_res25000_k6.5c0fb16aa3c311ec8d53a4c3f04f704a	gmtkEMtrain	6	2517	0	121.89758699999999	0
66	emt0.2.10.traindir_res25000_k6.5c0fb16aa3c311ec8d53a4c3f04f704a	gmtkEMtrain	6	2361	0	123.127251	0
67	emt0.2.13.traindir_res25000_k6.5c0fb16aa3c311ec8d53a4c3f04f704a	gmtkEMtrain	6	1549	0	124.161597	0
68	emt0.2.14.traindir_res25000_k6.5c0fb16aa3c311ec8d53a4c3f04f704a	gmtkEMtrain	6	1407	0	125.2603	0
47	emt0.2.0.traindir_res25000_k6.5c0fb16aa3c311ec8d53a4c3f04f704a	gmtkEMtrain	6	9947	0	127.905955	0
69	emt0.2.bundle.traindir_res25000_k6.5c0fb16aa3c311ec8d53a4c3f04f704a	gmtkEMtrain	6	0	0	128.474995	0
71	emt0.3.11.traindir_res25000_k6.5c0fb16aa3c311ec8d53a4c3f04f704a	gmtkEMtrain	6	9728	0	130.743738	0
72	emt0.3.15.traindir_res25000_k6.5c0fb16aa3c311ec8d53a4c3f04f704a	gmtkEMtrain	6	7914	0	132.965463	0
73	emt0.3.16.traindir_res25000_k6.5c0fb16aa3c311ec8d53a4c3f04f704a	gmtkEMtrain	6	7642	0	135.003715	0
74	emt0.3.17.traindir_res25000_k6.5c0fb16aa3c311ec8d53a4c3f04f704a	gmtkEMtrain	6	7229	0	137.093969	0
75	emt0.3.18.traindir_res25000_k6.5c0fb16aa3c311ec8d53a4c3f04f704a	gmtkEMtrain	6	6829	0	139.063027	0
76	emt0.3.19.traindir_res25000_k6.5c0fb16aa3c311ec8d53a4c3f04f704a	gmtkEMtrain	6	6365	0	140.95445600000002	0
77	emt0.3.20.traindir_res25000_k6.5c0fb16aa3c311ec8d53a4c3f04f704a	gmtkEMtrain	6	5847	0	142.803743	0
78	emt0.3.21.traindir_res25000_k6.5c0fb16aa3c311ec8d53a4c3f04f704a	gmtkEMtrain	6	5644	0	144.391377	0
79	emt0.3.1.traindir_res25000_k6.5c0fb16aa3c311ec8d53a4c3f04f704a	gmtkEMtrain	6	5418	0	146.101087	0
80	emt0.3.2.traindir_res25000_k6.5c0fb16aa3c311ec8d53a4c3f04f704a	gmtkEMtrain	6	5391	0	147.755506	0
81	emt0.3.3.traindir_res25000_k6.5c0fb16aa3c311ec8d53a4c3f04f704a	gmtkEMtrain	6	5352	0	149.441699	0
82	emt0.3.4.traindir_res25000_k6.5c0fb16aa3c311ec8d53a4c3f04f704a	gmtkEMtrain	6	3844	0	150.842806	0
83	emt0.3.7.traindir_res25000_k6.5c0fb16aa3c311ec8d53a4c3f04f704a	gmtkEMtrain	6	3604	0	152.142202	0
84	emt0.3.5.traindir_res25000_k6.5c0fb16aa3c311ec8d53a4c3f04f704a	gmtkEMtrain	6	3532	0	153.470837	0
85	emt0.3.6.traindir_res25000_k6.5c0fb16aa3c311ec8d53a4c3f04f704a	gmtkEMtrain	6	3298	0	154.71481599999998	0
86	emt0.3.8.traindir_res25000_k6.5c0fb16aa3c311ec8d53a4c3f04f704a	gmtkEMtrain	6	3247	0	155.96369800000002	0
87	emt0.3.9.traindir_res25000_k6.5c0fb16aa3c311ec8d53a4c3f04f704a	gmtkEMtrain	6	3121	0	157.219409	0
88	emt0.3.12.traindir_res25000_k6.5c0fb16aa3c311ec8d53a4c3f04f704a	gmtkEMtrain	6	2517	0	158.35306	0
89	emt0.3.10.traindir_res25000_k6.5c0fb16aa3c311ec8d53a4c3f04f704a	gmtkEMtrain	6	2361	0	159.43079999999998	0
90	emt0.3.13.traindir_res25000_k6.5c0fb16aa3c311ec8d53a4c3f04f704a	gmtkEMtrain	6	1549	0	160.407175	0
91	emt0.3.14.traindir_res25000_k6.5c0fb16aa3c311ec8d53a4c3f04f704a	gmtkEMtrain	6	1407	0	161.391435	0
70	emt0.3.0.traindir_res25000_k6.5c0fb16aa3c311ec8d53a4c3f04f704a	gmtkEMtrain	6	9947	0	163.809553	0
92	emt0.3.bundle.traindir_res25000_k6.5c0fb16aa3c311ec8d53a4c3f04f704a	gmtkEMtrain	6	0	0	164.345316	0
94	emt0.4.11.traindir_res25000_k6.5c0fb16aa3c311ec8d53a4c3f04f704a	gmtkEMtrain	6	9728	0	166.72716	0
95	emt0.4.15.traindir_res25000_k6.5c0fb16aa3c311ec8d53a4c3f04f704a	gmtkEMtrain	6	7914	0	168.82371300000003	0
96	emt0.4.16.traindir_res25000_k6.5c0fb16aa3c311ec8d53a4c3f04f704a	gmtkEMtrain	6	7642	0	170.773327	0
97	emt0.4.17.traindir_res25000_k6.5c0fb16aa3c311ec8d53a4c3f04f704a	gmtkEMtrain	6	7229	0	172.64321	0
98	emt0.4.18.traindir_res25000_k6.5c0fb16aa3c311ec8d53a4c3f04f704a	gmtkEMtrain	6	6829	0	174.563629	0
99	emt0.4.19.traindir_res25000_k6.5c0fb16aa3c311ec8d53a4c3f04f704a	gmtkEMtrain	6	6365	0	176.40660300000002	0
100	emt0.4.20.traindir_res25000_k6.5c0fb16aa3c311ec8d53a4c3f04f704a	gmtkEMtrain	6	5847	0	178.076022	0
101	emt0.4.21.traindir_res25000_k6.5c0fb16aa3c311ec8d53a4c3f04f704a	gmtkEMtrain	6	5644	0	179.619361	0
102	emt0.4.1.traindir_res25000_k6.5c0fb16aa3c311ec8d53a4c3f04f704a	gmtkEMtrain	6	5418	0	181.307623	0
103	emt0.4.2.traindir_res25000_k6.5c0fb16aa3c311ec8d53a4c3f04f704a	gmtkEMtrain	6	5391	0	182.955788	0
104	emt0.4.3.traindir_res25000_k6.5c0fb16aa3c311ec8d53a4c3f04f704a	gmtkEMtrain	6	5352	0	184.587704	0
105	emt0.4.4.traindir_res25000_k6.5c0fb16aa3c311ec8d53a4c3f04f704a	gmtkEMtrain	6	3844	0	186.032983	0
106	emt0.4.7.traindir_res25000_k6.5c0fb16aa3c311ec8d53a4c3f04f704a	gmtkEMtrain	6	3604	0	187.25288400000002	0
107	emt0.4.5.traindir_res25000_k6.5c0fb16aa3c311ec8d53a4c3f04f704a	gmtkEMtrain	6	3532	0	188.586409	0
108	emt0.4.6.traindir_res25000_k6.5c0fb16aa3c311ec8d53a4c3f04f704a	gmtkEMtrain	6	3298	0	189.84807700000002	0
109	emt0.4.8.traindir_res25000_k6.5c0fb16aa3c311ec8d53a4c3f04f704a	gmtkEMtrain	6	3247	0	191.074388	0
110	emt0.4.9.traindir_res25000_k6.5c0fb16aa3c311ec8d53a4c3f04f704a	gmtkEMtrain	6	3121	0	192.32058800000001	0
111	emt0.4.12.traindir_res25000_k6.5c0fb16aa3c311ec8d53a4c3f04f704a	gmtkEMtrain	6	2517	0	193.38238700000002	0
112	emt0.4.10.traindir_res25000_k6.5c0fb16aa3c311ec8d53a4c3f04f704a	gmtkEMtrain	6	2361	0	194.427549	0
113	emt0.4.13.traindir_res25000_k6.5c0fb16aa3c311ec8d53a4c3f04f704a	gmtkEMtrain	6	1549	0	195.31082	0
114	emt0.4.14.traindir_res25000_k6.5c0fb16aa3c311ec8d53a4c3f04f704a	gmtkEMtrain	6	1407	0	196.203729	0
93	emt0.4.0.traindir_res25000_k6.5c0fb16aa3c311ec8d53a4c3f04f704a	gmtkEMtrain	6	9947	0	198.541641	0
115	emt0.4.bundle.traindir_res25000_k6.5c0fb16aa3c311ec8d53a4c3f04f704a	gmtkEMtrain	6	0	0	199.116968	0
117	emt0.5.11.traindir_res25000_k6.5c0fb16aa3c311ec8d53a4c3f04f704a	gmtkEMtrain	6	9728	0	201.30235	0
118	emt0.5.15.traindir_res25000_k6.5c0fb16aa3c311ec8d53a4c3f04f704a	gmtkEMtrain	6	7914	0	203.504931	0
119	emt0.5.16.traindir_res25000_k6.5c0fb16aa3c311ec8d53a4c3f04f704a	gmtkEMtrain	6	7642	0	205.579704	0
120	emt0.5.17.traindir_res25000_k6.5c0fb16aa3c311ec8d53a4c3f04f704a	gmtkEMtrain	6	7229	0	207.421457	0
121	emt0.5.18.traindir_res25000_k6.5c0fb16aa3c311ec8d53a4c3f04f704a	gmtkEMtrain	6	6829	0	209.35892	0
122	emt0.5.19.traindir_res25000_k6.5c0fb16aa3c311ec8d53a4c3f04f704a	gmtkEMtrain	6	6365	0	211.206152	0
123	emt0.5.20.traindir_res25000_k6.5c0fb16aa3c311ec8d53a4c3f04f704a	gmtkEMtrain	6	5847	0	212.92729400000002	0
124	emt0.5.21.traindir_res25000_k6.5c0fb16aa3c311ec8d53a4c3f04f704a	gmtkEMtrain	6	5644	0	214.51577	0
125	emt0.5.1.traindir_res25000_k6.5c0fb16aa3c311ec8d53a4c3f04f704a	gmtkEMtrain	6	5418	0	216.184999	0
126	emt0.5.2.traindir_res25000_k6.5c0fb16aa3c311ec8d53a4c3f04f704a	gmtkEMtrain	6	5391	0	217.836839	0
127	emt0.5.3.traindir_res25000_k6.5c0fb16aa3c311ec8d53a4c3f04f704a	gmtkEMtrain	6	5352	0	219.478754	0
128	emt0.5.4.traindir_res25000_k6.5c0fb16aa3c311ec8d53a4c3f04f704a	gmtkEMtrain	6	3844	0	220.88818500000002	0
129	emt0.5.7.traindir_res25000_k6.5c0fb16aa3c311ec8d53a4c3f04f704a	gmtkEMtrain	6	3604	0	222.13832299999999	0
130	emt0.5.5.traindir_res25000_k6.5c0fb16aa3c311ec8d53a4c3f04f704a	gmtkEMtrain	6	3532	0	223.466298	0
131	emt0.5.6.traindir_res25000_k6.5c0fb16aa3c311ec8d53a4c3f04f704a	gmtkEMtrain	6	3298	0	224.715165	0
132	emt0.5.8.traindir_res25000_k6.5c0fb16aa3c311ec8d53a4c3f04f704a	gmtkEMtrain	6	3247	0	225.954644	0
133	emt0.5.9.traindir_res25000_k6.5c0fb16aa3c311ec8d53a4c3f04f704a	gmtkEMtrain	6	3121	0	227.25344099999998	0
134	emt0.5.12.traindir_res25000_k6.5c0fb16aa3c311ec8d53a4c3f04f704a	gmtkEMtrain	6	2517	0	228.388017	0
135	emt0.5.10.traindir_res25000_k6.5c0fb16aa3c311ec8d53a4c3f04f704a	gmtkEMtrain	6	2361	0	229.483363	0
136	emt0.5.13.traindir_res25000_k6.5c0fb16aa3c311ec8d53a4c3f04f704a	gmtkEMtrain	6	1549	0	230.444719	0
137	emt0.5.14.traindir_res25000_k6.5c0fb16aa3c311ec8d53a4c3f04f704a	gmtkEMtrain	6	1407	0	231.352014	0
116	emt0.5.0.traindir_res25000_k6.5c0fb16aa3c311ec8d53a4c3f04f704a	gmtkEMtrain	6	9947	0	233.561335	0
138	emt0.5.bundle.traindir_res25000_k6.5c0fb16aa3c311ec8d53a4c3f04f704a	gmtkEMtrain	6	0	0	234.16526	0
140	emt0.6.11.traindir_res25000_k6.5c0fb16aa3c311ec8d53a4c3f04f704a	gmtkEMtrain	6	9728	0	236.46410100000003	0
141	emt0.6.15.traindir_res25000_k6.5c0fb16aa3c311ec8d53a4c3f04f704a	gmtkEMtrain	6	7914	0	238.583081	0
142	emt0.6.16.traindir_res25000_k6.5c0fb16aa3c311ec8d53a4c3f04f704a	gmtkEMtrain	6	7642	0	240.532137	0
143	emt0.6.17.traindir_res25000_k6.5c0fb16aa3c311ec8d53a4c3f04f704a	gmtkEMtrain	6	7229	0	242.48360399999999	0
144	emt0.6.18.traindir_res25000_k6.5c0fb16aa3c311ec8d53a4c3f04f704a	gmtkEMtrain	6	6829	0	244.420235	0
145	emt0.6.19.traindir_res25000_k6.5c0fb16aa3c311ec8d53a4c3f04f704a	gmtkEMtrain	6	6365	0	246.279502	0
146	emt0.6.20.traindir_res25000_k6.5c0fb16aa3c311ec8d53a4c3f04f704a	gmtkEMtrain	6	5847	0	247.899767	0
147	emt0.6.21.traindir_res25000_k6.5c0fb16aa3c311ec8d53a4c3f04f704a	gmtkEMtrain	6	5644	0	249.42867800000002	0
148	emt0.6.1.traindir_res25000_k6.5c0fb16aa3c311ec8d53a4c3f04f704a	gmtkEMtrain	6	5418	0	251.08519	0
149	emt0.6.2.traindir_res25000_k6.5c0fb16aa3c311ec8d53a4c3f04f704a	gmtkEMtrain	6	5391	0	252.692952	0
150	emt0.6.3.traindir_res25000_k6.5c0fb16aa3c311ec8d53a4c3f04f704a	gmtkEMtrain	6	5352	0	254.26393399999998	0
151	emt0.6.4.traindir_res25000_k6.5c0fb16aa3c311ec8d53a4c3f04f704a	gmtkEMtrain	6	3844	0	255.634558	0
152	emt0.6.7.traindir_res25000_k6.5c0fb16aa3c311ec8d53a4c3f04f704a	gmtkEMtrain	6	3604	0	256.86796	0
153	emt0.6.5.traindir_res25000_k6.5c0fb16aa3c311ec8d53a4c3f04f704a	gmtkEMtrain	6	3532	0	258.141195	0
154	emt0.6.6.traindir_res25000_k6.5c0fb16aa3c311ec8d53a4c3f04f704a	gmtkEMtrain	6	3298	0	259.395126	0
155	emt0.6.8.traindir_res25000_k6.5c0fb16aa3c311ec8d53a4c3f04f704a	gmtkEMtrain	6	3247	0	260.594668	0
156	emt0.6.9.traindir_res25000_k6.5c0fb16aa3c311ec8d53a4c3f04f704a	gmtkEMtrain	6	3121	0	261.891029	0
157	emt0.6.12.traindir_res25000_k6.5c0fb16aa3c311ec8d53a4c3f04f704a	gmtkEMtrain	6	2517	0	263.064573	0
158	emt0.6.10.traindir_res25000_k6.5c0fb16aa3c311ec8d53a4c3f04f704a	gmtkEMtrain	6	2361	0	264.163409	0
159	emt0.6.13.traindir_res25000_k6.5c0fb16aa3c311ec8d53a4c3f04f704a	gmtkEMtrain	6	1549	0	265.152991	0
160	emt0.6.14.traindir_res25000_k6.5c0fb16aa3c311ec8d53a4c3f04f704a	gmtkEMtrain	6	1407	0	266.096111	0
139	emt0.6.0.traindir_res25000_k6.5c0fb16aa3c311ec8d53a4c3f04f704a	gmtkEMtrain	6	9947	0	268.218847	0
161	emt0.6.bundle.traindir_res25000_k6.5c0fb16aa3c311ec8d53a4c3f04f704a	gmtkEMtrain	6	0	0	268.828032	0
163	emt0.7.11.traindir_res25000_k6.5c0fb16aa3c311ec8d53a4c3f04f704a	gmtkEMtrain	6	9728	0	271.170578	0
164	emt0.7.15.traindir_res25000_k6.5c0fb16aa3c311ec8d53a4c3f04f704a	gmtkEMtrain	6	7914	0	273.372156	0
165	emt0.7.16.traindir_res25000_k6.5c0fb16aa3c311ec8d53a4c3f04f704a	gmtkEMtrain	6	7642	0	275.419831	0
166	emt0.7.17.traindir_res25000_k6.5c0fb16aa3c311ec8d53a4c3f04f704a	gmtkEMtrain	6	7229	0	277.32658699999996	0
167	emt0.7.18.traindir_res25000_k6.5c0fb16aa3c311ec8d53a4c3f04f704a	gmtkEMtrain	6	6829	0	279.168543	0
168	emt0.7.19.traindir_res25000_k6.5c0fb16aa3c311ec8d53a4c3f04f704a	gmtkEMtrain	6	6365	0	280.928553	0
169	emt0.7.20.traindir_res25000_k6.5c0fb16aa3c311ec8d53a4c3f04f704a	gmtkEMtrain	6	5847	0	282.513652	0
170	emt0.7.21.traindir_res25000_k6.5c0fb16aa3c311ec8d53a4c3f04f704a	gmtkEMtrain	6	5644	0	284.05273	0
171	emt0.7.1.traindir_res25000_k6.5c0fb16aa3c311ec8d53a4c3f04f704a	gmtkEMtrain	6	5418	0	285.601658	0
172	emt0.7.2.traindir_res25000_k6.5c0fb16aa3c311ec8d53a4c3f04f704a	gmtkEMtrain	6	5391	0	287.269791	0
173	emt0.7.3.traindir_res25000_k6.5c0fb16aa3c311ec8d53a4c3f04f704a	gmtkEMtrain	6	5352	0	288.893549	0
174	emt0.7.4.traindir_res25000_k6.5c0fb16aa3c311ec8d53a4c3f04f704a	gmtkEMtrain	6	3844	0	290.293984	0
175	emt0.7.7.traindir_res25000_k6.5c0fb16aa3c311ec8d53a4c3f04f704a	gmtkEMtrain	6	3604	0	291.478609	0
176	emt0.7.5.traindir_res25000_k6.5c0fb16aa3c311ec8d53a4c3f04f704a	gmtkEMtrain	6	3532	0	292.812225	0
177	emt0.7.6.traindir_res25000_k6.5c0fb16aa3c311ec8d53a4c3f04f704a	gmtkEMtrain	6	3298	0	294.063393	0
178	emt0.7.8.traindir_res25000_k6.5c0fb16aa3c311ec8d53a4c3f04f704a	gmtkEMtrain	6	3247	0	295.258173	0
179	emt0.7.9.traindir_res25000_k6.5c0fb16aa3c311ec8d53a4c3f04f704a	gmtkEMtrain	6	3121	0	296.535765	0
180	emt0.7.12.traindir_res25000_k6.5c0fb16aa3c311ec8d53a4c3f04f704a	gmtkEMtrain	6	2517	0	297.660939	0
181	emt0.7.10.traindir_res25000_k6.5c0fb16aa3c311ec8d53a4c3f04f704a	gmtkEMtrain	6	2361	0	298.71075199999996	0
182	emt0.7.13.traindir_res25000_k6.5c0fb16aa3c311ec8d53a4c3f04f704a	gmtkEMtrain	6	1549	0	299.677226	0
183	emt0.7.14.traindir_res25000_k6.5c0fb16aa3c311ec8d53a4c3f04f704a	gmtkEMtrain	6	1407	0	300.649862	0
162	emt0.7.0.traindir_res25000_k6.5c0fb16aa3c311ec8d53a4c3f04f704a	gmtkEMtrain	6	9947	0	302.963811	0
184	emt0.7.bundle.traindir_res25000_k6.5c0fb16aa3c311ec8d53a4c3f04f704a	gmtkEMtrain	6	0	0	303.51633400000003	0
186	emt0.8.11.traindir_res25000_k6.5c0fb16aa3c311ec8d53a4c3f04f704a	gmtkEMtrain	6	9728	0	305.663012	0
187	emt0.8.15.traindir_res25000_k6.5c0fb16aa3c311ec8d53a4c3f04f704a	gmtkEMtrain	6	7914	0	307.800481	0
188	emt0.8.16.traindir_res25000_k6.5c0fb16aa3c311ec8d53a4c3f04f704a	gmtkEMtrain	6	7642	0	309.888905	0
189	emt0.8.17.traindir_res25000_k6.5c0fb16aa3c311ec8d53a4c3f04f704a	gmtkEMtrain	6	7229	0	311.882031	0
190	emt0.8.18.traindir_res25000_k6.5c0fb16aa3c311ec8d53a4c3f04f704a	gmtkEMtrain	6	6829	0	313.842957	0
191	emt0.8.19.traindir_res25000_k6.5c0fb16aa3c311ec8d53a4c3f04f704a	gmtkEMtrain	6	6365	0	315.66227399999997	0
192	emt0.8.20.traindir_res25000_k6.5c0fb16aa3c311ec8d53a4c3f04f704a	gmtkEMtrain	6	5847	0	317.473259	0
193	emt0.8.21.traindir_res25000_k6.5c0fb16aa3c311ec8d53a4c3f04f704a	gmtkEMtrain	6	5644	0	319.004272	0
194	emt0.8.1.traindir_res25000_k6.5c0fb16aa3c311ec8d53a4c3f04f704a	gmtkEMtrain	6	5418	0	320.69487699999996	0
195	emt0.8.2.traindir_res25000_k6.5c0fb16aa3c311ec8d53a4c3f04f704a	gmtkEMtrain	6	5391	0	322.22985400000005	0
196	emt0.8.3.traindir_res25000_k6.5c0fb16aa3c311ec8d53a4c3f04f704a	gmtkEMtrain	6	5352	0	323.86822800000004	0
197	emt0.8.4.traindir_res25000_k6.5c0fb16aa3c311ec8d53a4c3f04f704a	gmtkEMtrain	6	3844	0	325.29089300000004	0
198	emt0.8.7.traindir_res25000_k6.5c0fb16aa3c311ec8d53a4c3f04f704a	gmtkEMtrain	6	3604	0	326.58320199999997	0
199	emt0.8.5.traindir_res25000_k6.5c0fb16aa3c311ec8d53a4c3f04f704a	gmtkEMtrain	6	3532	0	327.924115	0
200	emt0.8.6.traindir_res25000_k6.5c0fb16aa3c311ec8d53a4c3f04f704a	gmtkEMtrain	6	3298	0	329.199363	0
201	emt0.8.8.traindir_res25000_k6.5c0fb16aa3c311ec8d53a4c3f04f704a	gmtkEMtrain	6	3247	0	330.424113	0
202	emt0.8.9.traindir_res25000_k6.5c0fb16aa3c311ec8d53a4c3f04f704a	gmtkEMtrain	6	3121	0	331.720229	0
203	emt0.8.12.traindir_res25000_k6.5c0fb16aa3c311ec8d53a4c3f04f704a	gmtkEMtrain	6	2517	0	332.860759	0
204	emt0.8.10.traindir_res25000_k6.5c0fb16aa3c311ec8d53a4c3f04f704a	gmtkEMtrain	6	2361	0	333.93268	0
205	emt0.8.13.traindir_res25000_k6.5c0fb16aa3c311ec8d53a4c3f04f704a	gmtkEMtrain	6	1549	0	334.91014700000005	0
206	emt0.8.14.traindir_res25000_k6.5c0fb16aa3c311ec8d53a4c3f04f704a	gmtkEMtrain	6	1407	0	335.84324000000004	0
185	emt0.8.0.traindir_res25000_k6.5c0fb16aa3c311ec8d53a4c3f04f704a	gmtkEMtrain	6	9947	0	338.16785400000003	0
207	emt0.8.bundle.traindir_res25000_k6.5c0fb16aa3c311ec8d53a4c3f04f704a	gmtkEMtrain	6	0	0	338.767114	0
209	emt0.9.11.traindir_res25000_k6.5c0fb16aa3c311ec8d53a4c3f04f704a	gmtkEMtrain	6	9728	0	341.050307	0
210	emt0.9.15.traindir_res25000_k6.5c0fb16aa3c311ec8d53a4c3f04f704a	gmtkEMtrain	6	7914	0	343.055976	0
211	emt0.9.16.traindir_res25000_k6.5c0fb16aa3c311ec8d53a4c3f04f704a	gmtkEMtrain	6	7642	0	345.186563	0
212	emt0.9.17.traindir_res25000_k6.5c0fb16aa3c311ec8d53a4c3f04f704a	gmtkEMtrain	6	7229	0	347.173121	0
213	emt0.9.18.traindir_res25000_k6.5c0fb16aa3c311ec8d53a4c3f04f704a	gmtkEMtrain	6	6829	0	349.11605299999997	0
214	emt0.9.19.traindir_res25000_k6.5c0fb16aa3c311ec8d53a4c3f04f704a	gmtkEMtrain	6	6365	0	351.019395	0
215	emt0.9.20.traindir_res25000_k6.5c0fb16aa3c311ec8d53a4c3f04f704a	gmtkEMtrain	6	5847	0	352.846997	0
216	emt0.9.21.traindir_res25000_k6.5c0fb16aa3c311ec8d53a4c3f04f704a	gmtkEMtrain	6	5644	0	354.497431	0
217	emt0.9.1.traindir_res25000_k6.5c0fb16aa3c311ec8d53a4c3f04f704a	gmtkEMtrain	6	5418	0	356.104248	0
218	emt0.9.2.traindir_res25000_k6.5c0fb16aa3c311ec8d53a4c3f04f704a	gmtkEMtrain	6	5391	0	357.727445	0
219	emt0.9.3.traindir_res25000_k6.5c0fb16aa3c311ec8d53a4c3f04f704a	gmtkEMtrain	6	5352	0	359.402111	0
220	emt0.9.4.traindir_res25000_k6.5c0fb16aa3c311ec8d53a4c3f04f704a	gmtkEMtrain	6	3844	0	360.785485	0
221	emt0.9.7.traindir_res25000_k6.5c0fb16aa3c311ec8d53a4c3f04f704a	gmtkEMtrain	6	3604	0	362.047177	0
222	emt0.9.5.traindir_res25000_k6.5c0fb16aa3c311ec8d53a4c3f04f704a	gmtkEMtrain	6	3532	0	363.35335	0
223	emt0.9.6.traindir_res25000_k6.5c0fb16aa3c311ec8d53a4c3f04f704a	gmtkEMtrain	6	3298	0	364.623468	0
224	emt0.9.8.traindir_res25000_k6.5c0fb16aa3c311ec8d53a4c3f04f704a	gmtkEMtrain	6	3247	0	365.882765	0
225	emt0.9.9.traindir_res25000_k6.5c0fb16aa3c311ec8d53a4c3f04f704a	gmtkEMtrain	6	3121	0	367.14588399999997	0
226	emt0.9.12.traindir_res25000_k6.5c0fb16aa3c311ec8d53a4c3f04f704a	gmtkEMtrain	6	2517	0	368.29159899999996	0
227	emt0.9.10.traindir_res25000_k6.5c0fb16aa3c311ec8d53a4c3f04f704a	gmtkEMtrain	6	2361	0	369.354558	0
228	emt0.9.13.traindir_res25000_k6.5c0fb16aa3c311ec8d53a4c3f04f704a	gmtkEMtrain	6	1549	0	370.287185	0
229	emt0.9.14.traindir_res25000_k6.5c0fb16aa3c311ec8d53a4c3f04f704a	gmtkEMtrain	6	1407	0	371.254301	0
208	emt0.9.0.traindir_res25000_k6.5c0fb16aa3c311ec8d53a4c3f04f704a	gmtkEMtrain	6	9947	0	373.666838	0
230	emt0.9.bundle.traindir_res25000_k6.5c0fb16aa3c311ec8d53a4c3f04f704a	gmtkEMtrain	6	0	0	374.26606499999997	0
232	emt0.10.11.traindir_res25000_k6.5c0fb16aa3c311ec8d53a4c3f04f704a	gmtkEMtrain	6	9728	0	376.611427	0
233	emt0.10.15.traindir_res25000_k6.5c0fb16aa3c311ec8d53a4c3f04f704a	gmtkEMtrain	6	7914	0	378.793046	0
234	emt0.10.16.traindir_res25000_k6.5c0fb16aa3c311ec8d53a4c3f04f704a	gmtkEMtrain	6	7642	0	380.926302	0
235	emt0.10.17.traindir_res25000_k6.5c0fb16aa3c311ec8d53a4c3f04f704a	gmtkEMtrain	6	7229	0	382.982124	0
236	emt0.10.18.traindir_res25000_k6.5c0fb16aa3c311ec8d53a4c3f04f704a	gmtkEMtrain	6	6829	0	384.909381	0
237	emt0.10.19.traindir_res25000_k6.5c0fb16aa3c311ec8d53a4c3f04f704a	gmtkEMtrain	6	6365	0	386.81766	0
238	emt0.10.20.traindir_res25000_k6.5c0fb16aa3c311ec8d53a4c3f04f704a	gmtkEMtrain	6	5847	0	388.554376	0
239	emt0.10.21.traindir_res25000_k6.5c0fb16aa3c311ec8d53a4c3f04f704a	gmtkEMtrain	6	5644	0	390.15650000000005	0
240	emt0.10.1.traindir_res25000_k6.5c0fb16aa3c311ec8d53a4c3f04f704a	gmtkEMtrain	6	5418	0	391.85116800000003	0
241	emt0.10.2.traindir_res25000_k6.5c0fb16aa3c311ec8d53a4c3f04f704a	gmtkEMtrain	6	5391	0	393.51077399999997	0
242	emt0.10.3.traindir_res25000_k6.5c0fb16aa3c311ec8d53a4c3f04f704a	gmtkEMtrain	6	5352	0	395.14895	0
243	emt0.10.4.traindir_res25000_k6.5c0fb16aa3c311ec8d53a4c3f04f704a	gmtkEMtrain	6	3844	0	396.570784	0
244	emt0.10.7.traindir_res25000_k6.5c0fb16aa3c311ec8d53a4c3f04f704a	gmtkEMtrain	6	3604	0	397.87976799999996	0
245	emt0.10.5.traindir_res25000_k6.5c0fb16aa3c311ec8d53a4c3f04f704a	gmtkEMtrain	6	3532	0	399.226893	0
246	emt0.10.6.traindir_res25000_k6.5c0fb16aa3c311ec8d53a4c3f04f704a	gmtkEMtrain	6	3298	0	400.50112	0
247	emt0.10.8.traindir_res25000_k6.5c0fb16aa3c311ec8d53a4c3f04f704a	gmtkEMtrain	6	3247	0	401.757277	0
248	emt0.10.9.traindir_res25000_k6.5c0fb16aa3c311ec8d53a4c3f04f704a	gmtkEMtrain	6	3121	0	403.042572	0
249	emt0.10.12.traindir_res25000_k6.5c0fb16aa3c311ec8d53a4c3f04f704a	gmtkEMtrain	6	2517	0	404.181917	0
250	emt0.10.10.traindir_res25000_k6.5c0fb16aa3c311ec8d53a4c3f04f704a	gmtkEMtrain	6	2361	0	405.28351499999997	0
251	emt0.10.13.traindir_res25000_k6.5c0fb16aa3c311ec8d53a4c3f04f704a	gmtkEMtrain	6	1549	0	406.23551299999997	0
252	emt0.10.14.traindir_res25000_k6.5c0fb16aa3c311ec8d53a4c3f04f704a	gmtkEMtrain	6	1407	0	407.192193	0
231	emt0.10.0.traindir_res25000_k6.5c0fb16aa3c311ec8d53a4c3f04f704a	gmtkEMtrain	6	9947	0	409.512988	0
253	emt0.10.bundle.traindir_res25000_k6.5c0fb16aa3c311ec8d53a4c3f04f704a	gmtkEMtrain	6	0	0	410.087722	0
255	emt0.11.11.traindir_res25000_k6.5c0fb16aa3c311ec8d53a4c3f04f704a	gmtkEMtrain	6	9728	0	412.546611	0
256	emt0.11.15.traindir_res25000_k6.5c0fb16aa3c311ec8d53a4c3f04f704a	gmtkEMtrain	6	7914	0	414.42377300000004	0
257	emt0.11.16.traindir_res25000_k6.5c0fb16aa3c311ec8d53a4c3f04f704a	gmtkEMtrain	6	7642	0	416.54428499999995	0
258	emt0.11.17.traindir_res25000_k6.5c0fb16aa3c311ec8d53a4c3f04f704a	gmtkEMtrain	6	7229	0	418.57927300000006	0
259	emt0.11.18.traindir_res25000_k6.5c0fb16aa3c311ec8d53a4c3f04f704a	gmtkEMtrain	6	6829	0	420.41857200000004	0
260	emt0.11.19.traindir_res25000_k6.5c0fb16aa3c311ec8d53a4c3f04f704a	gmtkEMtrain	6	6365	0	422.301024	0
261	emt0.11.20.traindir_res25000_k6.5c0fb16aa3c311ec8d53a4c3f04f704a	gmtkEMtrain	6	5847	0	424.138558	0
262	emt0.11.21.traindir_res25000_k6.5c0fb16aa3c311ec8d53a4c3f04f704a	gmtkEMtrain	6	5644	0	425.769243	0
263	emt0.11.1.traindir_res25000_k6.5c0fb16aa3c311ec8d53a4c3f04f704a	gmtkEMtrain	6	5418	0	427.472219	0
264	emt0.11.2.traindir_res25000_k6.5c0fb16aa3c311ec8d53a4c3f04f704a	gmtkEMtrain	6	5391	0	429.14068599999996	0
265	emt0.11.3.traindir_res25000_k6.5c0fb16aa3c311ec8d53a4c3f04f704a	gmtkEMtrain	6	5352	0	430.756316	0
266	emt0.11.4.traindir_res25000_k6.5c0fb16aa3c311ec8d53a4c3f04f704a	gmtkEMtrain	6	3844	0	432.12773400000003	0
267	emt0.11.7.traindir_res25000_k6.5c0fb16aa3c311ec8d53a4c3f04f704a	gmtkEMtrain	6	3604	0	433.450716	0
268	emt0.11.5.traindir_res25000_k6.5c0fb16aa3c311ec8d53a4c3f04f704a	gmtkEMtrain	6	3532	0	434.82935599999996	0
269	emt0.11.6.traindir_res25000_k6.5c0fb16aa3c311ec8d53a4c3f04f704a	gmtkEMtrain	6	3298	0	436.149461	0
270	emt0.11.8.traindir_res25000_k6.5c0fb16aa3c311ec8d53a4c3f04f704a	gmtkEMtrain	6	3247	0	437.51178200000004	0
271	emt0.11.9.traindir_res25000_k6.5c0fb16aa3c311ec8d53a4c3f04f704a	gmtkEMtrain	6	3121	0	438.837271	0
272	emt0.11.12.traindir_res25000_k6.5c0fb16aa3c311ec8d53a4c3f04f704a	gmtkEMtrain	6	2517	0	440.051963	0
273	emt0.11.10.traindir_res25000_k6.5c0fb16aa3c311ec8d53a4c3f04f704a	gmtkEMtrain	6	2361	0	441.164748	0
274	emt0.11.13.traindir_res25000_k6.5c0fb16aa3c311ec8d53a4c3f04f704a	gmtkEMtrain	6	1549	0	442.260589	0
275	emt0.11.14.traindir_res25000_k6.5c0fb16aa3c311ec8d53a4c3f04f704a	gmtkEMtrain	6	1407	0	443.284947	0
254	emt0.11.0.traindir_res25000_k6.5c0fb16aa3c311ec8d53a4c3f04f704a	gmtkEMtrain	6	9947	0	445.658628	0
276	emt0.11.bundle.traindir_res25000_k6.5c0fb16aa3c311ec8d53a4c3f04f704a	gmtkEMtrain	6	0	0	446.31082200000003	0
278	emt0.12.11.traindir_res25000_k6.5c0fb16aa3c311ec8d53a4c3f04f704a	gmtkEMtrain	6	9728	0	448.42742400000003	0
279	emt0.12.15.traindir_res25000_k6.5c0fb16aa3c311ec8d53a4c3f04f704a	gmtkEMtrain	6	7914	0	450.329446	0
280	emt0.12.16.traindir_res25000_k6.5c0fb16aa3c311ec8d53a4c3f04f704a	gmtkEMtrain	6	7642	0	452.34351999999996	0
281	emt0.12.17.traindir_res25000_k6.5c0fb16aa3c311ec8d53a4c3f04f704a	gmtkEMtrain	6	7229	0	454.23564200000004	0
282	emt0.12.18.traindir_res25000_k6.5c0fb16aa3c311ec8d53a4c3f04f704a	gmtkEMtrain	6	6829	0	456.091879	0
283	emt0.12.19.traindir_res25000_k6.5c0fb16aa3c311ec8d53a4c3f04f704a	gmtkEMtrain	6	6365	0	457.840077	0
284	emt0.12.20.traindir_res25000_k6.5c0fb16aa3c311ec8d53a4c3f04f704a	gmtkEMtrain	6	5847	0	459.56792	0
285	emt0.12.21.traindir_res25000_k6.5c0fb16aa3c311ec8d53a4c3f04f704a	gmtkEMtrain	6	5644	0	461.10429100000005	0
286	emt0.12.1.traindir_res25000_k6.5c0fb16aa3c311ec8d53a4c3f04f704a	gmtkEMtrain	6	5418	0	462.728967	0
287	emt0.12.2.traindir_res25000_k6.5c0fb16aa3c311ec8d53a4c3f04f704a	gmtkEMtrain	6	5391	0	464.334578	0
288	emt0.12.3.traindir_res25000_k6.5c0fb16aa3c311ec8d53a4c3f04f704a	gmtkEMtrain	6	5352	0	465.993414	0
289	emt0.12.4.traindir_res25000_k6.5c0fb16aa3c311ec8d53a4c3f04f704a	gmtkEMtrain	6	3844	0	467.356135	0
290	emt0.12.7.traindir_res25000_k6.5c0fb16aa3c311ec8d53a4c3f04f704a	gmtkEMtrain	6	3604	0	468.57877499999995	0
291	emt0.12.5.traindir_res25000_k6.5c0fb16aa3c311ec8d53a4c3f04f704a	gmtkEMtrain	6	3532	0	469.877528	0
292	emt0.12.6.traindir_res25000_k6.5c0fb16aa3c311ec8d53a4c3f04f704a	gmtkEMtrain	6	3298	0	471.094205	0
293	emt0.12.8.traindir_res25000_k6.5c0fb16aa3c311ec8d53a4c3f04f704a	gmtkEMtrain	6	3247	0	472.275224	0
294	emt0.12.9.traindir_res25000_k6.5c0fb16aa3c311ec8d53a4c3f04f704a	gmtkEMtrain	6	3121	0	473.503123	0
295	emt0.12.12.traindir_res25000_k6.5c0fb16aa3c311ec8d53a4c3f04f704a	gmtkEMtrain	6	2517	0	474.58838399999996	0
296	emt0.12.10.traindir_res25000_k6.5c0fb16aa3c311ec8d53a4c3f04f704a	gmtkEMtrain	6	2361	0	475.689475	0
297	emt0.12.13.traindir_res25000_k6.5c0fb16aa3c311ec8d53a4c3f04f704a	gmtkEMtrain	6	1549	0	476.62253899999996	0
298	emt0.12.14.traindir_res25000_k6.5c0fb16aa3c311ec8d53a4c3f04f704a	gmtkEMtrain	6	1407	0	477.535984	0
277	emt0.12.0.traindir_res25000_k6.5c0fb16aa3c311ec8d53a4c3f04f704a	gmtkEMtrain	6	9947	0	479.679871	0
299	emt0.12.bundle.traindir_res25000_k6.5c0fb16aa3c311ec8d53a4c3f04f704a	gmtkEMtrain	6	0	0	480.291289	0
301	emt0.13.11.traindir_res25000_k6.5c0fb16aa3c311ec8d53a4c3f04f704a	gmtkEMtrain	6	9728	0	482.498962	0
302	emt0.13.15.traindir_res25000_k6.5c0fb16aa3c311ec8d53a4c3f04f704a	gmtkEMtrain	6	7914	0	484.528937	0
303	emt0.13.16.traindir_res25000_k6.5c0fb16aa3c311ec8d53a4c3f04f704a	gmtkEMtrain	6	7642	0	486.475698	0
304	emt0.13.17.traindir_res25000_k6.5c0fb16aa3c311ec8d53a4c3f04f704a	gmtkEMtrain	6	7229	0	488.387101	0
305	emt0.13.18.traindir_res25000_k6.5c0fb16aa3c311ec8d53a4c3f04f704a	gmtkEMtrain	6	6829	0	490.249344	0
306	emt0.13.19.traindir_res25000_k6.5c0fb16aa3c311ec8d53a4c3f04f704a	gmtkEMtrain	6	6365	0	492.03050399999995	0
307	emt0.13.20.traindir_res25000_k6.5c0fb16aa3c311ec8d53a4c3f04f704a	gmtkEMtrain	6	5847	0	493.711093	0
308	emt0.13.21.traindir_res25000_k6.5c0fb16aa3c311ec8d53a4c3f04f704a	gmtkEMtrain	6	5644	0	495.195116	0
309	emt0.13.1.traindir_res25000_k6.5c0fb16aa3c311ec8d53a4c3f04f704a	gmtkEMtrain	6	5418	0	496.839663	0
310	emt0.13.2.traindir_res25000_k6.5c0fb16aa3c311ec8d53a4c3f04f704a	gmtkEMtrain	6	5391	0	498.485577	0
311	emt0.13.3.traindir_res25000_k6.5c0fb16aa3c311ec8d53a4c3f04f704a	gmtkEMtrain	6	5352	0	500.059836	0
312	emt0.13.4.traindir_res25000_k6.5c0fb16aa3c311ec8d53a4c3f04f704a	gmtkEMtrain	6	3844	0	501.36491900000004	0
313	emt0.13.7.traindir_res25000_k6.5c0fb16aa3c311ec8d53a4c3f04f704a	gmtkEMtrain	6	3604	0	502.61205299999995	0
314	emt0.13.5.traindir_res25000_k6.5c0fb16aa3c311ec8d53a4c3f04f704a	gmtkEMtrain	6	3532	0	503.864104	0
315	emt0.13.6.traindir_res25000_k6.5c0fb16aa3c311ec8d53a4c3f04f704a	gmtkEMtrain	6	3298	0	504.976337	0
316	emt0.13.8.traindir_res25000_k6.5c0fb16aa3c311ec8d53a4c3f04f704a	gmtkEMtrain	6	3247	0	506.127239	0
317	emt0.13.9.traindir_res25000_k6.5c0fb16aa3c311ec8d53a4c3f04f704a	gmtkEMtrain	6	3121	0	507.38827399999997	0
318	emt0.13.12.traindir_res25000_k6.5c0fb16aa3c311ec8d53a4c3f04f704a	gmtkEMtrain	6	2517	0	508.451388	0
319	emt0.13.10.traindir_res25000_k6.5c0fb16aa3c311ec8d53a4c3f04f704a	gmtkEMtrain	6	2361	0	509.33346300000005	0
320	emt0.13.13.traindir_res25000_k6.5c0fb16aa3c311ec8d53a4c3f04f704a	gmtkEMtrain	6	1549	0	510.219221	0
321	emt0.13.14.traindir_res25000_k6.5c0fb16aa3c311ec8d53a4c3f04f704a	gmtkEMtrain	6	1407	0	511.07563	0
300	emt0.13.0.traindir_res25000_k6.5c0fb16aa3c311ec8d53a4c3f04f704a	gmtkEMtrain	6	9947	0	513.29247	0
322	emt0.13.bundle.traindir_res25000_k6.5c0fb16aa3c311ec8d53a4c3f04f704a	gmtkEMtrain	6	0	0	513.88966	0
324	emt0.14.11.traindir_res25000_k6.5c0fb16aa3c311ec8d53a4c3f04f704a	gmtkEMtrain	6	9728	0	516.256903	0
325	emt0.14.15.traindir_res25000_k6.5c0fb16aa3c311ec8d53a4c3f04f704a	gmtkEMtrain	6	7914	0	518.395106	0
326	emt0.14.16.traindir_res25000_k6.5c0fb16aa3c311ec8d53a4c3f04f704a	gmtkEMtrain	6	7642	0	520.433083	0
327	emt0.14.17.traindir_res25000_k6.5c0fb16aa3c311ec8d53a4c3f04f704a	gmtkEMtrain	6	7229	0	522.278832	0
328	emt0.14.18.traindir_res25000_k6.5c0fb16aa3c311ec8d53a4c3f04f704a	gmtkEMtrain	6	6829	0	524.195155	0
329	emt0.14.19.traindir_res25000_k6.5c0fb16aa3c311ec8d53a4c3f04f704a	gmtkEMtrain	6	6365	0	526.019053	0
330	emt0.14.20.traindir_res25000_k6.5c0fb16aa3c311ec8d53a4c3f04f704a	gmtkEMtrain	6	5847	0	527.758045	0
331	emt0.14.21.traindir_res25000_k6.5c0fb16aa3c311ec8d53a4c3f04f704a	gmtkEMtrain	6	5644	0	529.365143	0
332	emt0.14.1.traindir_res25000_k6.5c0fb16aa3c311ec8d53a4c3f04f704a	gmtkEMtrain	6	5418	0	530.974316	0
333	emt0.14.2.traindir_res25000_k6.5c0fb16aa3c311ec8d53a4c3f04f704a	gmtkEMtrain	6	5391	0	532.58007	0
334	emt0.14.3.traindir_res25000_k6.5c0fb16aa3c311ec8d53a4c3f04f704a	gmtkEMtrain	6	5352	0	534.171169	0
335	emt0.14.4.traindir_res25000_k6.5c0fb16aa3c311ec8d53a4c3f04f704a	gmtkEMtrain	6	3844	0	535.521473	0
336	emt0.14.7.traindir_res25000_k6.5c0fb16aa3c311ec8d53a4c3f04f704a	gmtkEMtrain	6	3604	0	536.71243	0
337	emt0.14.5.traindir_res25000_k6.5c0fb16aa3c311ec8d53a4c3f04f704a	gmtkEMtrain	6	3532	0	538.048665	0
338	emt0.14.6.traindir_res25000_k6.5c0fb16aa3c311ec8d53a4c3f04f704a	gmtkEMtrain	6	3298	0	539.2796880000001	0
339	emt0.14.8.traindir_res25000_k6.5c0fb16aa3c311ec8d53a4c3f04f704a	gmtkEMtrain	6	3247	0	540.520305	0
340	emt0.14.9.traindir_res25000_k6.5c0fb16aa3c311ec8d53a4c3f04f704a	gmtkEMtrain	6	3121	0	541.83178	0
341	emt0.14.12.traindir_res25000_k6.5c0fb16aa3c311ec8d53a4c3f04f704a	gmtkEMtrain	6	2517	0	542.933979	0
342	emt0.14.10.traindir_res25000_k6.5c0fb16aa3c311ec8d53a4c3f04f704a	gmtkEMtrain	6	2361	0	544.06748	0
343	emt0.14.13.traindir_res25000_k6.5c0fb16aa3c311ec8d53a4c3f04f704a	gmtkEMtrain	6	1549	0	545.036646	0
344	emt0.14.14.traindir_res25000_k6.5c0fb16aa3c311ec8d53a4c3f04f704a	gmtkEMtrain	6	1407	0	546.0332989999999	0
323	emt0.14.0.traindir_res25000_k6.5c0fb16aa3c311ec8d53a4c3f04f704a	gmtkEMtrain	6	9947	0	548.3578699999999	0
345	emt0.14.bundle.traindir_res25000_k6.5c0fb16aa3c311ec8d53a4c3f04f704a	gmtkEMtrain	6	0	0	548.953708	0
347	emt0.15.11.traindir_res25000_k6.5c0fb16aa3c311ec8d53a4c3f04f704a	gmtkEMtrain	6	9728	0	551.026672	0
348	emt0.15.15.traindir_res25000_k6.5c0fb16aa3c311ec8d53a4c3f04f704a	gmtkEMtrain	6	7914	0	552.924537	0
349	emt0.15.16.traindir_res25000_k6.5c0fb16aa3c311ec8d53a4c3f04f704a	gmtkEMtrain	6	7642	0	554.787593	0
350	emt0.15.17.traindir_res25000_k6.5c0fb16aa3c311ec8d53a4c3f04f704a	gmtkEMtrain	6	7229	0	556.671625	0
351	emt0.15.18.traindir_res25000_k6.5c0fb16aa3c311ec8d53a4c3f04f704a	gmtkEMtrain	6	6829	0	558.52158	0
352	emt0.15.19.traindir_res25000_k6.5c0fb16aa3c311ec8d53a4c3f04f704a	gmtkEMtrain	6	6365	0	560.204785	0
353	emt0.15.20.traindir_res25000_k6.5c0fb16aa3c311ec8d53a4c3f04f704a	gmtkEMtrain	6	5847	0	561.849349	0
354	emt0.15.21.traindir_res25000_k6.5c0fb16aa3c311ec8d53a4c3f04f704a	gmtkEMtrain	6	5644	0	563.359385	0
355	emt0.15.1.traindir_res25000_k6.5c0fb16aa3c311ec8d53a4c3f04f704a	gmtkEMtrain	6	5418	0	564.946694	0
356	emt0.15.2.traindir_res25000_k6.5c0fb16aa3c311ec8d53a4c3f04f704a	gmtkEMtrain	6	5391	0	566.51976	0
357	emt0.15.3.traindir_res25000_k6.5c0fb16aa3c311ec8d53a4c3f04f704a	gmtkEMtrain	6	5352	0	568.107667	0
358	emt0.15.4.traindir_res25000_k6.5c0fb16aa3c311ec8d53a4c3f04f704a	gmtkEMtrain	6	3844	0	569.493374	0
359	emt0.15.7.traindir_res25000_k6.5c0fb16aa3c311ec8d53a4c3f04f704a	gmtkEMtrain	6	3604	0	570.7111679999999	0
360	emt0.15.5.traindir_res25000_k6.5c0fb16aa3c311ec8d53a4c3f04f704a	gmtkEMtrain	6	3532	0	571.945096	0
361	emt0.15.6.traindir_res25000_k6.5c0fb16aa3c311ec8d53a4c3f04f704a	gmtkEMtrain	6	3298	0	573.144443	0
362	emt0.15.8.traindir_res25000_k6.5c0fb16aa3c311ec8d53a4c3f04f704a	gmtkEMtrain	6	3247	0	574.320472	0
363	emt0.15.9.traindir_res25000_k6.5c0fb16aa3c311ec8d53a4c3f04f704a	gmtkEMtrain	6	3121	0	575.6374380000001	0
364	emt0.15.12.traindir_res25000_k6.5c0fb16aa3c311ec8d53a4c3f04f704a	gmtkEMtrain	6	2517	0	576.735414	0
365	emt0.15.10.traindir_res25000_k6.5c0fb16aa3c311ec8d53a4c3f04f704a	gmtkEMtrain	6	2361	0	577.7718669999999	0
366	emt0.15.13.traindir_res25000_k6.5c0fb16aa3c311ec8d53a4c3f04f704a	gmtkEMtrain	6	1549	0	578.690769	0
367	emt0.15.14.traindir_res25000_k6.5c0fb16aa3c311ec8d53a4c3f04f704a	gmtkEMtrain	6	1407	0	579.5966639999999	0
346	emt0.15.0.traindir_res25000_k6.5c0fb16aa3c311ec8d53a4c3f04f704a	gmtkEMtrain	6	9947	0	581.727698	0
368	emt0.15.bundle.traindir_res25000_k6.5c0fb16aa3c311ec8d53a4c3f04f704a	gmtkEMtrain	6	0	0	582.308021	0
370	emt0.16.11.traindir_res25000_k6.5c0fb16aa3c311ec8d53a4c3f04f704a	gmtkEMtrain	6	9728	0	584.608801	0
371	emt0.16.15.traindir_res25000_k6.5c0fb16aa3c311ec8d53a4c3f04f704a	gmtkEMtrain	6	7914	0	586.6954639999999	0
372	emt0.16.16.traindir_res25000_k6.5c0fb16aa3c311ec8d53a4c3f04f704a	gmtkEMtrain	6	7642	0	588.6580369999999	0
373	emt0.16.17.traindir_res25000_k6.5c0fb16aa3c311ec8d53a4c3f04f704a	gmtkEMtrain	6	7229	0	590.520888	0
374	emt0.16.18.traindir_res25000_k6.5c0fb16aa3c311ec8d53a4c3f04f704a	gmtkEMtrain	6	6829	0	592.2531270000001	0
375	emt0.16.19.traindir_res25000_k6.5c0fb16aa3c311ec8d53a4c3f04f704a	gmtkEMtrain	6	6365	0	593.957078	0
376	emt0.16.20.traindir_res25000_k6.5c0fb16aa3c311ec8d53a4c3f04f704a	gmtkEMtrain	6	5847	0	595.651865	0
377	emt0.16.21.traindir_res25000_k6.5c0fb16aa3c311ec8d53a4c3f04f704a	gmtkEMtrain	6	5644	0	597.162129	0
378	emt0.16.1.traindir_res25000_k6.5c0fb16aa3c311ec8d53a4c3f04f704a	gmtkEMtrain	6	5418	0	598.7012950000001	0
379	emt0.16.2.traindir_res25000_k6.5c0fb16aa3c311ec8d53a4c3f04f704a	gmtkEMtrain	6	5391	0	600.2801159999999	0
380	emt0.16.3.traindir_res25000_k6.5c0fb16aa3c311ec8d53a4c3f04f704a	gmtkEMtrain	6	5352	0	601.856852	0
381	emt0.16.4.traindir_res25000_k6.5c0fb16aa3c311ec8d53a4c3f04f704a	gmtkEMtrain	6	3844	0	603.1917249999999	0
382	emt0.16.7.traindir_res25000_k6.5c0fb16aa3c311ec8d53a4c3f04f704a	gmtkEMtrain	6	3604	0	604.400848	0
383	emt0.16.5.traindir_res25000_k6.5c0fb16aa3c311ec8d53a4c3f04f704a	gmtkEMtrain	6	3532	0	605.6975950000001	0
384	emt0.16.6.traindir_res25000_k6.5c0fb16aa3c311ec8d53a4c3f04f704a	gmtkEMtrain	6	3298	0	606.916345	0
385	emt0.16.8.traindir_res25000_k6.5c0fb16aa3c311ec8d53a4c3f04f704a	gmtkEMtrain	6	3247	0	608.136122	0
386	emt0.16.9.traindir_res25000_k6.5c0fb16aa3c311ec8d53a4c3f04f704a	gmtkEMtrain	6	3121	0	609.350062	0
387	emt0.16.12.traindir_res25000_k6.5c0fb16aa3c311ec8d53a4c3f04f704a	gmtkEMtrain	6	2517	0	610.413905	0
388	emt0.16.10.traindir_res25000_k6.5c0fb16aa3c311ec8d53a4c3f04f704a	gmtkEMtrain	6	2361	0	611.454547	0
389	emt0.16.13.traindir_res25000_k6.5c0fb16aa3c311ec8d53a4c3f04f704a	gmtkEMtrain	6	1549	0	612.37883	0
390	emt0.16.14.traindir_res25000_k6.5c0fb16aa3c311ec8d53a4c3f04f704a	gmtkEMtrain	6	1407	0	613.325825	0
369	emt0.16.0.traindir_res25000_k6.5c0fb16aa3c311ec8d53a4c3f04f704a	gmtkEMtrain	6	9947	0	615.483645	0
391	emt0.16.bundle.traindir_res25000_k6.5c0fb16aa3c311ec8d53a4c3f04f704a	gmtkEMtrain	6	0	0	616.090232	0
393	emt0.17.11.traindir_res25000_k6.5c0fb16aa3c311ec8d53a4c3f04f704a	gmtkEMtrain	6	9728	0	618.274972	0
394	emt0.17.15.traindir_res25000_k6.5c0fb16aa3c311ec8d53a4c3f04f704a	gmtkEMtrain	6	7914	0	620.2820370000001	0
395	emt0.17.16.traindir_res25000_k6.5c0fb16aa3c311ec8d53a4c3f04f704a	gmtkEMtrain	6	7642	0	622.281696	0
396	emt0.17.17.traindir_res25000_k6.5c0fb16aa3c311ec8d53a4c3f04f704a	gmtkEMtrain	6	7229	0	624.1649189999999	0
397	emt0.17.18.traindir_res25000_k6.5c0fb16aa3c311ec8d53a4c3f04f704a	gmtkEMtrain	6	6829	0	626.0551190000001	0
398	emt0.17.19.traindir_res25000_k6.5c0fb16aa3c311ec8d53a4c3f04f704a	gmtkEMtrain	6	6365	0	627.816995	0
399	emt0.17.20.traindir_res25000_k6.5c0fb16aa3c311ec8d53a4c3f04f704a	gmtkEMtrain	6	5847	0	629.498928	0
400	emt0.17.21.traindir_res25000_k6.5c0fb16aa3c311ec8d53a4c3f04f704a	gmtkEMtrain	6	5644	0	631.0449659999999	0
401	emt0.17.1.traindir_res25000_k6.5c0fb16aa3c311ec8d53a4c3f04f704a	gmtkEMtrain	6	5418	0	632.621042	0
402	emt0.17.2.traindir_res25000_k6.5c0fb16aa3c311ec8d53a4c3f04f704a	gmtkEMtrain	6	5391	0	634.206214	0
403	emt0.17.3.traindir_res25000_k6.5c0fb16aa3c311ec8d53a4c3f04f704a	gmtkEMtrain	6	5352	0	635.7978109999999	0
404	emt0.17.4.traindir_res25000_k6.5c0fb16aa3c311ec8d53a4c3f04f704a	gmtkEMtrain	6	3844	0	637.169647	0
405	emt0.17.7.traindir_res25000_k6.5c0fb16aa3c311ec8d53a4c3f04f704a	gmtkEMtrain	6	3604	0	638.416204	0
406	emt0.17.5.traindir_res25000_k6.5c0fb16aa3c311ec8d53a4c3f04f704a	gmtkEMtrain	6	3532	0	639.669275	0
407	emt0.17.6.traindir_res25000_k6.5c0fb16aa3c311ec8d53a4c3f04f704a	gmtkEMtrain	6	3298	0	640.881481	0
408	emt0.17.8.traindir_res25000_k6.5c0fb16aa3c311ec8d53a4c3f04f704a	gmtkEMtrain	6	3247	0	642.0680540000001	0
409	emt0.17.9.traindir_res25000_k6.5c0fb16aa3c311ec8d53a4c3f04f704a	gmtkEMtrain	6	3121	0	643.2754809999999	0
410	emt0.17.12.traindir_res25000_k6.5c0fb16aa3c311ec8d53a4c3f04f704a	gmtkEMtrain	6	2517	0	644.351909	0
411	emt0.17.10.traindir_res25000_k6.5c0fb16aa3c311ec8d53a4c3f04f704a	gmtkEMtrain	6	2361	0	645.413592	0
412	emt0.17.13.traindir_res25000_k6.5c0fb16aa3c311ec8d53a4c3f04f704a	gmtkEMtrain	6	1549	0	646.356353	0
413	emt0.17.14.traindir_res25000_k6.5c0fb16aa3c311ec8d53a4c3f04f704a	gmtkEMtrain	6	1407	0	647.24305	0
392	emt0.17.0.traindir_res25000_k6.5c0fb16aa3c311ec8d53a4c3f04f704a	gmtkEMtrain	6	9947	0	649.539673	0
414	emt0.17.bundle.traindir_res25000_k6.5c0fb16aa3c311ec8d53a4c3f04f704a	gmtkEMtrain	6	0	0	650.1326	0
416	emt0.18.11.traindir_res25000_k6.5c0fb16aa3c311ec8d53a4c3f04f704a	gmtkEMtrain	6	9728	0	652.413178	0
417	emt0.18.15.traindir_res25000_k6.5c0fb16aa3c311ec8d53a4c3f04f704a	gmtkEMtrain	6	7914	0	654.414307	0
418	emt0.18.16.traindir_res25000_k6.5c0fb16aa3c311ec8d53a4c3f04f704a	gmtkEMtrain	6	7642	0	656.4461610000001	0
419	emt0.18.17.traindir_res25000_k6.5c0fb16aa3c311ec8d53a4c3f04f704a	gmtkEMtrain	6	7229	0	658.349779	0
420	emt0.18.18.traindir_res25000_k6.5c0fb16aa3c311ec8d53a4c3f04f704a	gmtkEMtrain	6	6829	0	660.1257049999999	0
421	emt0.18.19.traindir_res25000_k6.5c0fb16aa3c311ec8d53a4c3f04f704a	gmtkEMtrain	6	6365	0	661.8665110000001	0
422	emt0.18.20.traindir_res25000_k6.5c0fb16aa3c311ec8d53a4c3f04f704a	gmtkEMtrain	6	5847	0	663.515044	0
423	emt0.18.21.traindir_res25000_k6.5c0fb16aa3c311ec8d53a4c3f04f704a	gmtkEMtrain	6	5644	0	665.142	0
424	emt0.18.1.traindir_res25000_k6.5c0fb16aa3c311ec8d53a4c3f04f704a	gmtkEMtrain	6	5418	0	666.793795	0
425	emt0.18.2.traindir_res25000_k6.5c0fb16aa3c311ec8d53a4c3f04f704a	gmtkEMtrain	6	5391	0	668.4269250000001	0
426	emt0.18.3.traindir_res25000_k6.5c0fb16aa3c311ec8d53a4c3f04f704a	gmtkEMtrain	6	5352	0	670.062176	0
427	emt0.18.4.traindir_res25000_k6.5c0fb16aa3c311ec8d53a4c3f04f704a	gmtkEMtrain	6	3844	0	671.42666	0
428	emt0.18.7.traindir_res25000_k6.5c0fb16aa3c311ec8d53a4c3f04f704a	gmtkEMtrain	6	3604	0	672.689561	0
429	emt0.18.5.traindir_res25000_k6.5c0fb16aa3c311ec8d53a4c3f04f704a	gmtkEMtrain	6	3532	0	674.021383	0
430	emt0.18.6.traindir_res25000_k6.5c0fb16aa3c311ec8d53a4c3f04f704a	gmtkEMtrain	6	3298	0	675.27706	0
431	emt0.18.8.traindir_res25000_k6.5c0fb16aa3c311ec8d53a4c3f04f704a	gmtkEMtrain	6	3247	0	676.5281610000001	0
432	emt0.18.9.traindir_res25000_k6.5c0fb16aa3c311ec8d53a4c3f04f704a	gmtkEMtrain	6	3121	0	677.75593	0
433	emt0.18.12.traindir_res25000_k6.5c0fb16aa3c311ec8d53a4c3f04f704a	gmtkEMtrain	6	2517	0	678.893667	0
434	emt0.18.10.traindir_res25000_k6.5c0fb16aa3c311ec8d53a4c3f04f704a	gmtkEMtrain	6	2361	0	680.009693	0
435	emt0.18.13.traindir_res25000_k6.5c0fb16aa3c311ec8d53a4c3f04f704a	gmtkEMtrain	6	1549	0	680.966199	0
436	emt0.18.14.traindir_res25000_k6.5c0fb16aa3c311ec8d53a4c3f04f704a	gmtkEMtrain	6	1407	0	681.912887	0
415	emt0.18.0.traindir_res25000_k6.5c0fb16aa3c311ec8d53a4c3f04f704a	gmtkEMtrain	6	9947	0	684.03973	0
437	emt0.18.bundle.traindir_res25000_k6.5c0fb16aa3c311ec8d53a4c3f04f704a	gmtkEMtrain	6	0	0	684.631571	0
439	emt0.19.11.traindir_res25000_k6.5c0fb16aa3c311ec8d53a4c3f04f704a	gmtkEMtrain	6	9728	0	686.907423	0
440	emt0.19.15.traindir_res25000_k6.5c0fb16aa3c311ec8d53a4c3f04f704a	gmtkEMtrain	6	7914	0	688.798909	0
441	emt0.19.16.traindir_res25000_k6.5c0fb16aa3c311ec8d53a4c3f04f704a	gmtkEMtrain	6	7642	0	690.741757	0
442	emt0.19.17.traindir_res25000_k6.5c0fb16aa3c311ec8d53a4c3f04f704a	gmtkEMtrain	6	7229	0	692.583457	0
443	emt0.19.18.traindir_res25000_k6.5c0fb16aa3c311ec8d53a4c3f04f704a	gmtkEMtrain	6	6829	0	694.356506	0
444	emt0.19.19.traindir_res25000_k6.5c0fb16aa3c311ec8d53a4c3f04f704a	gmtkEMtrain	6	6365	0	696.0907649999999	0
445	emt0.19.20.traindir_res25000_k6.5c0fb16aa3c311ec8d53a4c3f04f704a	gmtkEMtrain	6	5847	0	697.762386	0
446	emt0.19.21.traindir_res25000_k6.5c0fb16aa3c311ec8d53a4c3f04f704a	gmtkEMtrain	6	5644	0	699.3046420000001	0
447	emt0.19.1.traindir_res25000_k6.5c0fb16aa3c311ec8d53a4c3f04f704a	gmtkEMtrain	6	5418	0	700.941143	0
448	emt0.19.2.traindir_res25000_k6.5c0fb16aa3c311ec8d53a4c3f04f704a	gmtkEMtrain	6	5391	0	702.533275	0
449	emt0.19.3.traindir_res25000_k6.5c0fb16aa3c311ec8d53a4c3f04f704a	gmtkEMtrain	6	5352	0	704.0931889999999	0
450	emt0.19.4.traindir_res25000_k6.5c0fb16aa3c311ec8d53a4c3f04f704a	gmtkEMtrain	6	3844	0	705.43967	0
451	emt0.19.7.traindir_res25000_k6.5c0fb16aa3c311ec8d53a4c3f04f704a	gmtkEMtrain	6	3604	0	706.676904	0
452	emt0.19.5.traindir_res25000_k6.5c0fb16aa3c311ec8d53a4c3f04f704a	gmtkEMtrain	6	3532	0	707.903587	0
453	emt0.19.6.traindir_res25000_k6.5c0fb16aa3c311ec8d53a4c3f04f704a	gmtkEMtrain	6	3298	0	709.102981	0
454	emt0.19.8.traindir_res25000_k6.5c0fb16aa3c311ec8d53a4c3f04f704a	gmtkEMtrain	6	3247	0	710.251647	0
455	emt0.19.9.traindir_res25000_k6.5c0fb16aa3c311ec8d53a4c3f04f704a	gmtkEMtrain	6	3121	0	711.451306	0
456	emt0.19.12.traindir_res25000_k6.5c0fb16aa3c311ec8d53a4c3f04f704a	gmtkEMtrain	6	2517	0	712.540534	0
457	emt0.19.10.traindir_res25000_k6.5c0fb16aa3c311ec8d53a4c3f04f704a	gmtkEMtrain	6	2361	0	713.561201	0
458	emt0.19.13.traindir_res25000_k6.5c0fb16aa3c311ec8d53a4c3f04f704a	gmtkEMtrain	6	1549	0	714.462216	0
459	emt0.19.14.traindir_res25000_k6.5c0fb16aa3c311ec8d53a4c3f04f704a	gmtkEMtrain	6	1407	0	715.38235	0
438	emt0.19.0.traindir_res25000_k6.5c0fb16aa3c311ec8d53a4c3f04f704a	gmtkEMtrain	6	9947	0	717.581328	0
460	emt0.19.bundle.traindir_res25000_k6.5c0fb16aa3c311ec8d53a4c3f04f704a	gmtkEMtrain	6	0	0	718.163962	0
462	emt0.20.11.traindir_res25000_k6.5c0fb16aa3c311ec8d53a4c3f04f704a	gmtkEMtrain	6	9728	0	720.401754	0
463	emt0.20.15.traindir_res25000_k6.5c0fb16aa3c311ec8d53a4c3f04f704a	gmtkEMtrain	6	7914	0	722.4804730000001	0
464	emt0.20.16.traindir_res25000_k6.5c0fb16aa3c311ec8d53a4c3f04f704a	gmtkEMtrain	6	7642	0	724.4891650000001	0
465	emt0.20.17.traindir_res25000_k6.5c0fb16aa3c311ec8d53a4c3f04f704a	gmtkEMtrain	6	7229	0	726.40739	0
466	emt0.20.18.traindir_res25000_k6.5c0fb16aa3c311ec8d53a4c3f04f704a	gmtkEMtrain	6	6829	0	728.1478549999999	0
467	emt0.20.19.traindir_res25000_k6.5c0fb16aa3c311ec8d53a4c3f04f704a	gmtkEMtrain	6	6365	0	729.865647	0
468	emt0.20.20.traindir_res25000_k6.5c0fb16aa3c311ec8d53a4c3f04f704a	gmtkEMtrain	6	5847	0	731.5173540000001	0
469	emt0.20.21.traindir_res25000_k6.5c0fb16aa3c311ec8d53a4c3f04f704a	gmtkEMtrain	6	5644	0	733.065878	0
470	emt0.20.1.traindir_res25000_k6.5c0fb16aa3c311ec8d53a4c3f04f704a	gmtkEMtrain	6	5418	0	734.652068	0
471	emt0.20.2.traindir_res25000_k6.5c0fb16aa3c311ec8d53a4c3f04f704a	gmtkEMtrain	6	5391	0	736.255727	0
472	emt0.20.3.traindir_res25000_k6.5c0fb16aa3c311ec8d53a4c3f04f704a	gmtkEMtrain	6	5352	0	737.821678	0
473	emt0.20.4.traindir_res25000_k6.5c0fb16aa3c311ec8d53a4c3f04f704a	gmtkEMtrain	6	3844	0	739.1725140000001	0
474	emt0.20.7.traindir_res25000_k6.5c0fb16aa3c311ec8d53a4c3f04f704a	gmtkEMtrain	6	3604	0	740.4635209999999	0
475	emt0.20.5.traindir_res25000_k6.5c0fb16aa3c311ec8d53a4c3f04f704a	gmtkEMtrain	6	3532	0	741.773463	0
476	emt0.20.6.traindir_res25000_k6.5c0fb16aa3c311ec8d53a4c3f04f704a	gmtkEMtrain	6	3298	0	743.002382	0
477	emt0.20.8.traindir_res25000_k6.5c0fb16aa3c311ec8d53a4c3f04f704a	gmtkEMtrain	6	3247	0	744.1761280000001	0
478	emt0.20.9.traindir_res25000_k6.5c0fb16aa3c311ec8d53a4c3f04f704a	gmtkEMtrain	6	3121	0	745.3873470000001	0
479	emt0.20.12.traindir_res25000_k6.5c0fb16aa3c311ec8d53a4c3f04f704a	gmtkEMtrain	6	2517	0	746.5091500000001	0
480	emt0.20.10.traindir_res25000_k6.5c0fb16aa3c311ec8d53a4c3f04f704a	gmtkEMtrain	6	2361	0	747.530428	0
481	emt0.20.13.traindir_res25000_k6.5c0fb16aa3c311ec8d53a4c3f04f704a	gmtkEMtrain	6	1549	0	748.506378	0
482	emt0.20.14.traindir_res25000_k6.5c0fb16aa3c311ec8d53a4c3f04f704a	gmtkEMtrain	6	1407	0	749.533477	0
461	emt0.20.0.traindir_res25000_k6.5c0fb16aa3c311ec8d53a4c3f04f704a	gmtkEMtrain	6	9947	0	751.798779	0
483	emt0.20.bundle.traindir_res25000_k6.5c0fb16aa3c311ec8d53a4c3f04f704a	gmtkEMtrain	6	0	0	752.356575	0
485	emt0.21.11.traindir_res25000_k6.5c0fb16aa3c311ec8d53a4c3f04f704a	gmtkEMtrain	6	9728	0	754.465295	0
486	emt0.21.15.traindir_res25000_k6.5c0fb16aa3c311ec8d53a4c3f04f704a	gmtkEMtrain	6	7914	0	756.403222	0
487	emt0.21.16.traindir_res25000_k6.5c0fb16aa3c311ec8d53a4c3f04f704a	gmtkEMtrain	6	7642	0	758.340912	0
488	emt0.21.17.traindir_res25000_k6.5c0fb16aa3c311ec8d53a4c3f04f704a	gmtkEMtrain	6	7229	0	760.2248649999999	0
489	emt0.21.18.traindir_res25000_k6.5c0fb16aa3c311ec8d53a4c3f04f704a	gmtkEMtrain	6	6829	0	762.0306770000001	0
490	emt0.21.19.traindir_res25000_k6.5c0fb16aa3c311ec8d53a4c3f04f704a	gmtkEMtrain	6	6365	0	763.7772359999999	0
491	emt0.21.20.traindir_res25000_k6.5c0fb16aa3c311ec8d53a4c3f04f704a	gmtkEMtrain	6	5847	0	765.4524759999999	0
492	emt0.21.21.traindir_res25000_k6.5c0fb16aa3c311ec8d53a4c3f04f704a	gmtkEMtrain	6	5644	0	766.957396	0
493	emt0.21.1.traindir_res25000_k6.5c0fb16aa3c311ec8d53a4c3f04f704a	gmtkEMtrain	6	5418	0	768.509291	0
494	emt0.21.2.traindir_res25000_k6.5c0fb16aa3c311ec8d53a4c3f04f704a	gmtkEMtrain	6	5391	0	770.065767	0
495	emt0.21.3.traindir_res25000_k6.5c0fb16aa3c311ec8d53a4c3f04f704a	gmtkEMtrain	6	5352	0	771.606125	0
496	emt0.21.4.traindir_res25000_k6.5c0fb16aa3c311ec8d53a4c3f04f704a	gmtkEMtrain	6	3844	0	772.952005	0
497	emt0.21.7.traindir_res25000_k6.5c0fb16aa3c311ec8d53a4c3f04f704a	gmtkEMtrain	6	3604	0	774.187103	0
498	emt0.21.5.traindir_res25000_k6.5c0fb16aa3c311ec8d53a4c3f04f704a	gmtkEMtrain	6	3532	0	775.477812	0
499	emt0.21.6.traindir_res25000_k6.5c0fb16aa3c311ec8d53a4c3f04f704a	gmtkEMtrain	6	3298	0	776.682094	0
500	emt0.21.8.traindir_res25000_k6.5c0fb16aa3c311ec8d53a4c3f04f704a	gmtkEMtrain	6	3247	0	777.865961	0
501	emt0.21.9.traindir_res25000_k6.5c0fb16aa3c311ec8d53a4c3f04f704a	gmtkEMtrain	6	3121	0	779.068979	0
502	emt0.21.12.traindir_res25000_k6.5c0fb16aa3c311ec8d53a4c3f04f704a	gmtkEMtrain	6	2517	0	780.11009	0
503	emt0.21.10.traindir_res25000_k6.5c0fb16aa3c311ec8d53a4c3f04f704a	gmtkEMtrain	6	2361	0	781.161346	0
504	emt0.21.13.traindir_res25000_k6.5c0fb16aa3c311ec8d53a4c3f04f704a	gmtkEMtrain	6	1549	0	782.091731	0
505	emt0.21.14.traindir_res25000_k6.5c0fb16aa3c311ec8d53a4c3f04f704a	gmtkEMtrain	6	1407	0	783.013287	0
484	emt0.21.0.traindir_res25000_k6.5c0fb16aa3c311ec8d53a4c3f04f704a	gmtkEMtrain	6	9947	0	785.2015759999999	0
506	emt0.21.bundle.traindir_res25000_k6.5c0fb16aa3c311ec8d53a4c3f04f704a	gmtkEMtrain	6	0	0	785.7814139999999	0
508	emt0.22.11.traindir_res25000_k6.5c0fb16aa3c311ec8d53a4c3f04f704a	gmtkEMtrain	6	9728	0	787.825867	0
509	emt0.22.15.traindir_res25000_k6.5c0fb16aa3c311ec8d53a4c3f04f704a	gmtkEMtrain	6	7914	0	789.894863	0
510	emt0.22.16.traindir_res25000_k6.5c0fb16aa3c311ec8d53a4c3f04f704a	gmtkEMtrain	6	7642	0	791.916694	0
511	emt0.22.17.traindir_res25000_k6.5c0fb16aa3c311ec8d53a4c3f04f704a	gmtkEMtrain	6	7229	0	793.8240370000001	0
512	emt0.22.18.traindir_res25000_k6.5c0fb16aa3c311ec8d53a4c3f04f704a	gmtkEMtrain	6	6829	0	795.6300309999999	0
513	emt0.22.19.traindir_res25000_k6.5c0fb16aa3c311ec8d53a4c3f04f704a	gmtkEMtrain	6	6365	0	797.2805780000001	0
514	emt0.22.20.traindir_res25000_k6.5c0fb16aa3c311ec8d53a4c3f04f704a	gmtkEMtrain	6	5847	0	798.97242	0
515	emt0.22.21.traindir_res25000_k6.5c0fb16aa3c311ec8d53a4c3f04f704a	gmtkEMtrain	6	5644	0	800.5978570000001	0
516	emt0.22.1.traindir_res25000_k6.5c0fb16aa3c311ec8d53a4c3f04f704a	gmtkEMtrain	6	5418	0	802.193216	0
517	emt0.22.2.traindir_res25000_k6.5c0fb16aa3c311ec8d53a4c3f04f704a	gmtkEMtrain	6	5391	0	803.739652	0
518	emt0.22.3.traindir_res25000_k6.5c0fb16aa3c311ec8d53a4c3f04f704a	gmtkEMtrain	6	5352	0	805.317585	0
519	emt0.22.4.traindir_res25000_k6.5c0fb16aa3c311ec8d53a4c3f04f704a	gmtkEMtrain	6	3844	0	806.719533	0
520	emt0.22.7.traindir_res25000_k6.5c0fb16aa3c311ec8d53a4c3f04f704a	gmtkEMtrain	6	3604	0	807.984505	0
521	emt0.22.5.traindir_res25000_k6.5c0fb16aa3c311ec8d53a4c3f04f704a	gmtkEMtrain	6	3532	0	809.265829	0
522	emt0.22.6.traindir_res25000_k6.5c0fb16aa3c311ec8d53a4c3f04f704a	gmtkEMtrain	6	3298	0	810.5160659999999	0
523	emt0.22.8.traindir_res25000_k6.5c0fb16aa3c311ec8d53a4c3f04f704a	gmtkEMtrain	6	3247	0	811.76204	0
524	emt0.22.9.traindir_res25000_k6.5c0fb16aa3c311ec8d53a4c3f04f704a	gmtkEMtrain	6	3121	0	813.086309	0
525	emt0.22.12.traindir_res25000_k6.5c0fb16aa3c311ec8d53a4c3f04f704a	gmtkEMtrain	6	2517	0	814.2368529999999	0
526	emt0.22.10.traindir_res25000_k6.5c0fb16aa3c311ec8d53a4c3f04f704a	gmtkEMtrain	6	2361	0	815.295775	0
527	emt0.22.13.traindir_res25000_k6.5c0fb16aa3c311ec8d53a4c3f04f704a	gmtkEMtrain	6	1549	0	816.354008	0
528	emt0.22.14.traindir_res25000_k6.5c0fb16aa3c311ec8d53a4c3f04f704a	gmtkEMtrain	6	1407	0	817.35985	0
507	emt0.22.0.traindir_res25000_k6.5c0fb16aa3c311ec8d53a4c3f04f704a	gmtkEMtrain	6	9947	0	819.769883	0
529	emt0.22.bundle.traindir_res25000_k6.5c0fb16aa3c311ec8d53a4c3f04f704a	gmtkEMtrain	6	0	0	820.453842	0
531	emt0.23.11.traindir_res25000_k6.5c0fb16aa3c311ec8d53a4c3f04f704a	gmtkEMtrain	6	9728	0	822.762884	0
532	emt0.23.15.traindir_res25000_k6.5c0fb16aa3c311ec8d53a4c3f04f704a	gmtkEMtrain	6	7914	0	824.893375	0
533	emt0.23.16.traindir_res25000_k6.5c0fb16aa3c311ec8d53a4c3f04f704a	gmtkEMtrain	6	7642	0	826.970659	0
534	emt0.23.17.traindir_res25000_k6.5c0fb16aa3c311ec8d53a4c3f04f704a	gmtkEMtrain	6	7229	0	828.961021	0
535	emt0.23.18.traindir_res25000_k6.5c0fb16aa3c311ec8d53a4c3f04f704a	gmtkEMtrain	6	6829	0	830.884121	0
536	emt0.23.19.traindir_res25000_k6.5c0fb16aa3c311ec8d53a4c3f04f704a	gmtkEMtrain	6	6365	0	832.663999	0
537	emt0.23.20.traindir_res25000_k6.5c0fb16aa3c311ec8d53a4c3f04f704a	gmtkEMtrain	6	5847	0	834.364863	0
538	emt0.23.21.traindir_res25000_k6.5c0fb16aa3c311ec8d53a4c3f04f704a	gmtkEMtrain	6	5644	0	835.893631	0
539	emt0.23.1.traindir_res25000_k6.5c0fb16aa3c311ec8d53a4c3f04f704a	gmtkEMtrain	6	5418	0	837.515667	0
540	emt0.23.2.traindir_res25000_k6.5c0fb16aa3c311ec8d53a4c3f04f704a	gmtkEMtrain	6	5391	0	839.109887	0
541	emt0.23.3.traindir_res25000_k6.5c0fb16aa3c311ec8d53a4c3f04f704a	gmtkEMtrain	6	5352	0	840.7869370000001	0
542	emt0.23.4.traindir_res25000_k6.5c0fb16aa3c311ec8d53a4c3f04f704a	gmtkEMtrain	6	3844	0	842.179136	0
543	emt0.23.7.traindir_res25000_k6.5c0fb16aa3c311ec8d53a4c3f04f704a	gmtkEMtrain	6	3604	0	843.433601	0
544	emt0.23.5.traindir_res25000_k6.5c0fb16aa3c311ec8d53a4c3f04f704a	gmtkEMtrain	6	3532	0	844.739264	0
545	emt0.23.6.traindir_res25000_k6.5c0fb16aa3c311ec8d53a4c3f04f704a	gmtkEMtrain	6	3298	0	846.00204	0
546	emt0.23.8.traindir_res25000_k6.5c0fb16aa3c311ec8d53a4c3f04f704a	gmtkEMtrain	6	3247	0	847.205824	0
547	emt0.23.9.traindir_res25000_k6.5c0fb16aa3c311ec8d53a4c3f04f704a	gmtkEMtrain	6	3121	0	848.43736	0
548	emt0.23.12.traindir_res25000_k6.5c0fb16aa3c311ec8d53a4c3f04f704a	gmtkEMtrain	6	2517	0	849.6526309999999	0
549	emt0.23.10.traindir_res25000_k6.5c0fb16aa3c311ec8d53a4c3f04f704a	gmtkEMtrain	6	2361	0	850.7928400000001	0
550	emt0.23.13.traindir_res25000_k6.5c0fb16aa3c311ec8d53a4c3f04f704a	gmtkEMtrain	6	1549	0	851.721663	0
551	emt0.23.14.traindir_res25000_k6.5c0fb16aa3c311ec8d53a4c3f04f704a	gmtkEMtrain	6	1407	0	852.614371	0
530	emt0.23.0.traindir_res25000_k6.5c0fb16aa3c311ec8d53a4c3f04f704a	gmtkEMtrain	6	9947	0	855.009464	0
552	emt0.23.bundle.traindir_res25000_k6.5c0fb16aa3c311ec8d53a4c3f04f704a	gmtkEMtrain	6	0	0	855.571232	0
554	emt0.24.11.traindir_res25000_k6.5c0fb16aa3c311ec8d53a4c3f04f704a	gmtkEMtrain	6	9728	0	857.683717	0
555	emt0.24.15.traindir_res25000_k6.5c0fb16aa3c311ec8d53a4c3f04f704a	gmtkEMtrain	6	7914	0	859.659498	0
556	emt0.24.16.traindir_res25000_k6.5c0fb16aa3c311ec8d53a4c3f04f704a	gmtkEMtrain	6	7642	0	861.693262	0
557	emt0.24.17.traindir_res25000_k6.5c0fb16aa3c311ec8d53a4c3f04f704a	gmtkEMtrain	6	7229	0	863.431251	0
558	emt0.24.18.traindir_res25000_k6.5c0fb16aa3c311ec8d53a4c3f04f704a	gmtkEMtrain	6	6829	0	865.325572	0
559	emt0.24.19.traindir_res25000_k6.5c0fb16aa3c311ec8d53a4c3f04f704a	gmtkEMtrain	6	6365	0	867.0829409999999	0
560	emt0.24.20.traindir_res25000_k6.5c0fb16aa3c311ec8d53a4c3f04f704a	gmtkEMtrain	6	5847	0	868.612623	0
561	emt0.24.21.traindir_res25000_k6.5c0fb16aa3c311ec8d53a4c3f04f704a	gmtkEMtrain	6	5644	0	870.033027	0
562	emt0.24.1.traindir_res25000_k6.5c0fb16aa3c311ec8d53a4c3f04f704a	gmtkEMtrain	6	5418	0	871.679376	0
563	emt0.24.2.traindir_res25000_k6.5c0fb16aa3c311ec8d53a4c3f04f704a	gmtkEMtrain	6	5391	0	873.3194739999999	0
564	emt0.24.3.traindir_res25000_k6.5c0fb16aa3c311ec8d53a4c3f04f704a	gmtkEMtrain	6	5352	0	874.9463979999999	0
565	emt0.24.4.traindir_res25000_k6.5c0fb16aa3c311ec8d53a4c3f04f704a	gmtkEMtrain	6	3844	0	876.331092	0
566	emt0.24.7.traindir_res25000_k6.5c0fb16aa3c311ec8d53a4c3f04f704a	gmtkEMtrain	6	3604	0	877.6575	0
567	emt0.24.5.traindir_res25000_k6.5c0fb16aa3c311ec8d53a4c3f04f704a	gmtkEMtrain	6	3532	0	878.965533	0
568	emt0.24.6.traindir_res25000_k6.5c0fb16aa3c311ec8d53a4c3f04f704a	gmtkEMtrain	6	3298	0	880.12192	0
569	emt0.24.8.traindir_res25000_k6.5c0fb16aa3c311ec8d53a4c3f04f704a	gmtkEMtrain	6	3247	0	881.345039	0
570	emt0.24.9.traindir_res25000_k6.5c0fb16aa3c311ec8d53a4c3f04f704a	gmtkEMtrain	6	3121	0	882.609336	0
571	emt0.24.12.traindir_res25000_k6.5c0fb16aa3c311ec8d53a4c3f04f704a	gmtkEMtrain	6	2517	0	883.770652	0
572	emt0.24.10.traindir_res25000_k6.5c0fb16aa3c311ec8d53a4c3f04f704a	gmtkEMtrain	6	2361	0	884.91513	0
573	emt0.24.13.traindir_res25000_k6.5c0fb16aa3c311ec8d53a4c3f04f704a	gmtkEMtrain	6	1549	0	885.903854	0
574	emt0.24.14.traindir_res25000_k6.5c0fb16aa3c311ec8d53a4c3f04f704a	gmtkEMtrain	6	1407	0	886.837432	0
553	emt0.24.0.traindir_res25000_k6.5c0fb16aa3c311ec8d53a4c3f04f704a	gmtkEMtrain	6	9947	0	889.17185	0
575	emt0.24.bundle.traindir_res25000_k6.5c0fb16aa3c311ec8d53a4c3f04f704a	gmtkEMtrain	6	0	0	889.783863	0
577	emt0.25.11.traindir_res25000_k6.5c0fb16aa3c311ec8d53a4c3f04f704a	gmtkEMtrain	6	9728	0	891.924383	0
578	emt0.25.15.traindir_res25000_k6.5c0fb16aa3c311ec8d53a4c3f04f704a	gmtkEMtrain	6	7914	0	893.846841	0
579	emt0.25.16.traindir_res25000_k6.5c0fb16aa3c311ec8d53a4c3f04f704a	gmtkEMtrain	6	7642	0	895.830599	0
580	emt0.25.17.traindir_res25000_k6.5c0fb16aa3c311ec8d53a4c3f04f704a	gmtkEMtrain	6	7229	0	897.518505	0
581	emt0.25.18.traindir_res25000_k6.5c0fb16aa3c311ec8d53a4c3f04f704a	gmtkEMtrain	6	6829	0	899.325165	0
582	emt0.25.19.traindir_res25000_k6.5c0fb16aa3c311ec8d53a4c3f04f704a	gmtkEMtrain	6	6365	0	900.9543639999999	0
583	emt0.25.20.traindir_res25000_k6.5c0fb16aa3c311ec8d53a4c3f04f704a	gmtkEMtrain	6	5847	0	902.622679	0
584	emt0.25.21.traindir_res25000_k6.5c0fb16aa3c311ec8d53a4c3f04f704a	gmtkEMtrain	6	5644	0	904.1341189999999	0
585	emt0.25.1.traindir_res25000_k6.5c0fb16aa3c311ec8d53a4c3f04f704a	gmtkEMtrain	6	5418	0	905.707754	0
586	emt0.25.2.traindir_res25000_k6.5c0fb16aa3c311ec8d53a4c3f04f704a	gmtkEMtrain	6	5391	0	907.2424110000001	0
587	emt0.25.3.traindir_res25000_k6.5c0fb16aa3c311ec8d53a4c3f04f704a	gmtkEMtrain	6	5352	0	908.686819	0
588	emt0.25.4.traindir_res25000_k6.5c0fb16aa3c311ec8d53a4c3f04f704a	gmtkEMtrain	6	3844	0	910.035748	0
589	emt0.25.7.traindir_res25000_k6.5c0fb16aa3c311ec8d53a4c3f04f704a	gmtkEMtrain	6	3604	0	911.2212609999999	0
590	emt0.25.5.traindir_res25000_k6.5c0fb16aa3c311ec8d53a4c3f04f704a	gmtkEMtrain	6	3532	0	912.475056	0
591	emt0.25.6.traindir_res25000_k6.5c0fb16aa3c311ec8d53a4c3f04f704a	gmtkEMtrain	6	3298	0	913.729828	0
592	emt0.25.8.traindir_res25000_k6.5c0fb16aa3c311ec8d53a4c3f04f704a	gmtkEMtrain	6	3247	0	914.9152819999999	0
593	emt0.25.9.traindir_res25000_k6.5c0fb16aa3c311ec8d53a4c3f04f704a	gmtkEMtrain	6	3121	0	916.1231799999999	0
594	emt0.25.12.traindir_res25000_k6.5c0fb16aa3c311ec8d53a4c3f04f704a	gmtkEMtrain	6	2517	0	917.246755	0
595	emt0.25.10.traindir_res25000_k6.5c0fb16aa3c311ec8d53a4c3f04f704a	gmtkEMtrain	6	2361	0	918.307949	0
596	emt0.25.13.traindir_res25000_k6.5c0fb16aa3c311ec8d53a4c3f04f704a	gmtkEMtrain	6	1549	0	919.237078	0
597	emt0.25.14.traindir_res25000_k6.5c0fb16aa3c311ec8d53a4c3f04f704a	gmtkEMtrain	6	1407	0	920.162459	0
576	emt0.25.0.traindir_res25000_k6.5c0fb16aa3c311ec8d53a4c3f04f704a	gmtkEMtrain	6	9947	0	922.37793	0
598	emt0.25.bundle.traindir_res25000_k6.5c0fb16aa3c311ec8d53a4c3f04f704a	gmtkEMtrain	6	0	0	922.953529	0
600	emt0.26.11.traindir_res25000_k6.5c0fb16aa3c311ec8d53a4c3f04f704a	gmtkEMtrain	6	9728	0	925.1635339999999	0
601	emt0.26.15.traindir_res25000_k6.5c0fb16aa3c311ec8d53a4c3f04f704a	gmtkEMtrain	6	7914	0	926.9969219999999	0
602	emt0.26.16.traindir_res25000_k6.5c0fb16aa3c311ec8d53a4c3f04f704a	gmtkEMtrain	6	7642	0	928.940018	0
603	emt0.26.17.traindir_res25000_k6.5c0fb16aa3c311ec8d53a4c3f04f704a	gmtkEMtrain	6	7229	0	930.791867	0
604	emt0.26.18.traindir_res25000_k6.5c0fb16aa3c311ec8d53a4c3f04f704a	gmtkEMtrain	6	6829	0	932.55396	0
605	emt0.26.19.traindir_res25000_k6.5c0fb16aa3c311ec8d53a4c3f04f704a	gmtkEMtrain	6	6365	0	934.306771	0
606	emt0.26.20.traindir_res25000_k6.5c0fb16aa3c311ec8d53a4c3f04f704a	gmtkEMtrain	6	5847	0	935.9231970000001	0
607	emt0.26.21.traindir_res25000_k6.5c0fb16aa3c311ec8d53a4c3f04f704a	gmtkEMtrain	6	5644	0	937.380899	0
608	emt0.26.1.traindir_res25000_k6.5c0fb16aa3c311ec8d53a4c3f04f704a	gmtkEMtrain	6	5418	0	938.9556090000001	0
609	emt0.26.2.traindir_res25000_k6.5c0fb16aa3c311ec8d53a4c3f04f704a	gmtkEMtrain	6	5391	0	940.419238	0
610	emt0.26.3.traindir_res25000_k6.5c0fb16aa3c311ec8d53a4c3f04f704a	gmtkEMtrain	6	5352	0	941.933215	0
611	emt0.26.4.traindir_res25000_k6.5c0fb16aa3c311ec8d53a4c3f04f704a	gmtkEMtrain	6	3844	0	943.228886	0
612	emt0.26.7.traindir_res25000_k6.5c0fb16aa3c311ec8d53a4c3f04f704a	gmtkEMtrain	6	3604	0	944.4264569999999	0
613	emt0.26.5.traindir_res25000_k6.5c0fb16aa3c311ec8d53a4c3f04f704a	gmtkEMtrain	6	3532	0	945.711868	0
614	emt0.26.6.traindir_res25000_k6.5c0fb16aa3c311ec8d53a4c3f04f704a	gmtkEMtrain	6	3298	0	946.899539	0
615	emt0.26.8.traindir_res25000_k6.5c0fb16aa3c311ec8d53a4c3f04f704a	gmtkEMtrain	6	3247	0	948.054588	0
616	emt0.26.9.traindir_res25000_k6.5c0fb16aa3c311ec8d53a4c3f04f704a	gmtkEMtrain	6	3121	0	949.3115349999999	0
617	emt0.26.12.traindir_res25000_k6.5c0fb16aa3c311ec8d53a4c3f04f704a	gmtkEMtrain	6	2517	0	950.434889	0
618	emt0.26.10.traindir_res25000_k6.5c0fb16aa3c311ec8d53a4c3f04f704a	gmtkEMtrain	6	2361	0	951.4364919999999	0
619	emt0.26.13.traindir_res25000_k6.5c0fb16aa3c311ec8d53a4c3f04f704a	gmtkEMtrain	6	1549	0	952.3548099999999	0
620	emt0.26.14.traindir_res25000_k6.5c0fb16aa3c311ec8d53a4c3f04f704a	gmtkEMtrain	6	1407	0	953.284922	0
599	emt0.26.0.traindir_res25000_k6.5c0fb16aa3c311ec8d53a4c3f04f704a	gmtkEMtrain	6	9947	0	955.372274	0
621	emt0.26.bundle.traindir_res25000_k6.5c0fb16aa3c311ec8d53a4c3f04f704a	gmtkEMtrain	6	0	0	955.965161	0
623	emt0.27.11.traindir_res25000_k6.5c0fb16aa3c311ec8d53a4c3f04f704a	gmtkEMtrain	6	9728	0	958.186033	0
624	emt0.27.15.traindir_res25000_k6.5c0fb16aa3c311ec8d53a4c3f04f704a	gmtkEMtrain	6	7914	0	960.0569750000001	0
625	emt0.27.16.traindir_res25000_k6.5c0fb16aa3c311ec8d53a4c3f04f704a	gmtkEMtrain	6	7642	0	962.028294	0
626	emt0.27.17.traindir_res25000_k6.5c0fb16aa3c311ec8d53a4c3f04f704a	gmtkEMtrain	6	7229	0	963.8256339999999	0
627	emt0.27.18.traindir_res25000_k6.5c0fb16aa3c311ec8d53a4c3f04f704a	gmtkEMtrain	6	6829	0	965.577796	0
628	emt0.27.19.traindir_res25000_k6.5c0fb16aa3c311ec8d53a4c3f04f704a	gmtkEMtrain	6	6365	0	967.3656599999999	0
629	emt0.27.20.traindir_res25000_k6.5c0fb16aa3c311ec8d53a4c3f04f704a	gmtkEMtrain	6	5847	0	969.108964	0
630	emt0.27.21.traindir_res25000_k6.5c0fb16aa3c311ec8d53a4c3f04f704a	gmtkEMtrain	6	5644	0	970.6101590000001	0
631	emt0.27.1.traindir_res25000_k6.5c0fb16aa3c311ec8d53a4c3f04f704a	gmtkEMtrain	6	5418	0	972.1616140000001	0
632	emt0.27.2.traindir_res25000_k6.5c0fb16aa3c311ec8d53a4c3f04f704a	gmtkEMtrain	6	5391	0	973.721206	0
633	emt0.27.3.traindir_res25000_k6.5c0fb16aa3c311ec8d53a4c3f04f704a	gmtkEMtrain	6	5352	0	975.2717789999999	0
634	emt0.27.4.traindir_res25000_k6.5c0fb16aa3c311ec8d53a4c3f04f704a	gmtkEMtrain	6	3844	0	976.560088	0
635	emt0.27.7.traindir_res25000_k6.5c0fb16aa3c311ec8d53a4c3f04f704a	gmtkEMtrain	6	3604	0	977.7435849999999	0
636	emt0.27.5.traindir_res25000_k6.5c0fb16aa3c311ec8d53a4c3f04f704a	gmtkEMtrain	6	3532	0	979.011112	0
637	emt0.27.6.traindir_res25000_k6.5c0fb16aa3c311ec8d53a4c3f04f704a	gmtkEMtrain	6	3298	0	980.1490650000001	0
638	emt0.27.8.traindir_res25000_k6.5c0fb16aa3c311ec8d53a4c3f04f704a	gmtkEMtrain	6	3247	0	981.331218	0
639	emt0.27.9.traindir_res25000_k6.5c0fb16aa3c311ec8d53a4c3f04f704a	gmtkEMtrain	6	3121	0	982.6009590000001	0
640	emt0.27.12.traindir_res25000_k6.5c0fb16aa3c311ec8d53a4c3f04f704a	gmtkEMtrain	6	2517	0	983.674532	0
641	emt0.27.10.traindir_res25000_k6.5c0fb16aa3c311ec8d53a4c3f04f704a	gmtkEMtrain	6	2361	0	984.717061	0
642	emt0.27.13.traindir_res25000_k6.5c0fb16aa3c311ec8d53a4c3f04f704a	gmtkEMtrain	6	1549	0	985.659466	0
643	emt0.27.14.traindir_res25000_k6.5c0fb16aa3c311ec8d53a4c3f04f704a	gmtkEMtrain	6	1407	0	986.583356	0
622	emt0.27.0.traindir_res25000_k6.5c0fb16aa3c311ec8d53a4c3f04f704a	gmtkEMtrain	6	9947	0	988.600174	0
644	emt0.27.bundle.traindir_res25000_k6.5c0fb16aa3c311ec8d53a4c3f04f704a	gmtkEMtrain	6	0	0	989.171342	0
646	emt0.28.11.traindir_res25000_k6.5c0fb16aa3c311ec8d53a4c3f04f704a	gmtkEMtrain	6	9728	0	991.317969	0
647	emt0.28.15.traindir_res25000_k6.5c0fb16aa3c311ec8d53a4c3f04f704a	gmtkEMtrain	6	7914	0	993.2884039999999	0
648	emt0.28.16.traindir_res25000_k6.5c0fb16aa3c311ec8d53a4c3f04f704a	gmtkEMtrain	6	7642	0	995.2611539999999	0
649	emt0.28.17.traindir_res25000_k6.5c0fb16aa3c311ec8d53a4c3f04f704a	gmtkEMtrain	6	7229	0	997.11563	0
650	emt0.28.18.traindir_res25000_k6.5c0fb16aa3c311ec8d53a4c3f04f704a	gmtkEMtrain	6	6829	0	998.949682	0
651	emt0.28.19.traindir_res25000_k6.5c0fb16aa3c311ec8d53a4c3f04f704a	gmtkEMtrain	6	6365	0	1000.765988	0
652	emt0.28.20.traindir_res25000_k6.5c0fb16aa3c311ec8d53a4c3f04f704a	gmtkEMtrain	6	5847	0	1002.370796	0
653	emt0.28.21.traindir_res25000_k6.5c0fb16aa3c311ec8d53a4c3f04f704a	gmtkEMtrain	6	5644	0	1003.856175	0
654	emt0.28.1.traindir_res25000_k6.5c0fb16aa3c311ec8d53a4c3f04f704a	gmtkEMtrain	6	5418	0	1005.3862330000001	0
655	emt0.28.2.traindir_res25000_k6.5c0fb16aa3c311ec8d53a4c3f04f704a	gmtkEMtrain	6	5391	0	1006.9763220000001	0
656	emt0.28.3.traindir_res25000_k6.5c0fb16aa3c311ec8d53a4c3f04f704a	gmtkEMtrain	6	5352	0	1008.468312	0
657	emt0.28.4.traindir_res25000_k6.5c0fb16aa3c311ec8d53a4c3f04f704a	gmtkEMtrain	6	3844	0	1009.749887	0
658	emt0.28.7.traindir_res25000_k6.5c0fb16aa3c311ec8d53a4c3f04f704a	gmtkEMtrain	6	3604	0	1010.952846	0
659	emt0.28.5.traindir_res25000_k6.5c0fb16aa3c311ec8d53a4c3f04f704a	gmtkEMtrain	6	3532	0	1012.1914919999999	0
660	emt0.28.6.traindir_res25000_k6.5c0fb16aa3c311ec8d53a4c3f04f704a	gmtkEMtrain	6	3298	0	1013.35706	0
661	emt0.28.8.traindir_res25000_k6.5c0fb16aa3c311ec8d53a4c3f04f704a	gmtkEMtrain	6	3247	0	1014.549888	0
662	emt0.28.9.traindir_res25000_k6.5c0fb16aa3c311ec8d53a4c3f04f704a	gmtkEMtrain	6	3121	0	1015.732496	0
663	emt0.28.12.traindir_res25000_k6.5c0fb16aa3c311ec8d53a4c3f04f704a	gmtkEMtrain	6	2517	0	1016.865113	0
664	emt0.28.10.traindir_res25000_k6.5c0fb16aa3c311ec8d53a4c3f04f704a	gmtkEMtrain	6	2361	0	1017.962948	0
665	emt0.28.13.traindir_res25000_k6.5c0fb16aa3c311ec8d53a4c3f04f704a	gmtkEMtrain	6	1549	0	1018.930766	0
666	emt0.28.14.traindir_res25000_k6.5c0fb16aa3c311ec8d53a4c3f04f704a	gmtkEMtrain	6	1407	0	1019.8009	0
645	emt0.28.0.traindir_res25000_k6.5c0fb16aa3c311ec8d53a4c3f04f704a	gmtkEMtrain	6	9947	0	1021.953568	0
667	emt0.28.bundle.traindir_res25000_k6.5c0fb16aa3c311ec8d53a4c3f04f704a	gmtkEMtrain	6	0	0	1022.537693	0
669	emt0.29.11.traindir_res25000_k6.5c0fb16aa3c311ec8d53a4c3f04f704a	gmtkEMtrain	6	9728	0	1024.787286	0
670	emt0.29.15.traindir_res25000_k6.5c0fb16aa3c311ec8d53a4c3f04f704a	gmtkEMtrain	6	7914	0	1026.649524	0
671	emt0.29.16.traindir_res25000_k6.5c0fb16aa3c311ec8d53a4c3f04f704a	gmtkEMtrain	6	7642	0	1028.4867490000001	0
672	emt0.29.17.traindir_res25000_k6.5c0fb16aa3c311ec8d53a4c3f04f704a	gmtkEMtrain	6	7229	0	1030.331663	0
673	emt0.29.18.traindir_res25000_k6.5c0fb16aa3c311ec8d53a4c3f04f704a	gmtkEMtrain	6	6829	0	1032.093693	0
674	emt0.29.19.traindir_res25000_k6.5c0fb16aa3c311ec8d53a4c3f04f704a	gmtkEMtrain	6	6365	0	1033.671893	0
675	emt0.29.20.traindir_res25000_k6.5c0fb16aa3c311ec8d53a4c3f04f704a	gmtkEMtrain	6	5847	0	1035.313368	0
676	emt0.29.21.traindir_res25000_k6.5c0fb16aa3c311ec8d53a4c3f04f704a	gmtkEMtrain	6	5644	0	1036.779397	0
677	emt0.29.1.traindir_res25000_k6.5c0fb16aa3c311ec8d53a4c3f04f704a	gmtkEMtrain	6	5418	0	1038.362674	0
678	emt0.29.2.traindir_res25000_k6.5c0fb16aa3c311ec8d53a4c3f04f704a	gmtkEMtrain	6	5391	0	1039.902558	0
679	emt0.29.3.traindir_res25000_k6.5c0fb16aa3c311ec8d53a4c3f04f704a	gmtkEMtrain	6	5352	0	1041.453238	0
680	emt0.29.4.traindir_res25000_k6.5c0fb16aa3c311ec8d53a4c3f04f704a	gmtkEMtrain	6	3844	0	1042.791136	0
681	emt0.29.7.traindir_res25000_k6.5c0fb16aa3c311ec8d53a4c3f04f704a	gmtkEMtrain	6	3604	0	1044.0183260000001	0
682	emt0.29.5.traindir_res25000_k6.5c0fb16aa3c311ec8d53a4c3f04f704a	gmtkEMtrain	6	3532	0	1045.296118	0
683	emt0.29.6.traindir_res25000_k6.5c0fb16aa3c311ec8d53a4c3f04f704a	gmtkEMtrain	6	3298	0	1046.479869	0
684	emt0.29.8.traindir_res25000_k6.5c0fb16aa3c311ec8d53a4c3f04f704a	gmtkEMtrain	6	3247	0	1047.638915	0
685	emt0.29.9.traindir_res25000_k6.5c0fb16aa3c311ec8d53a4c3f04f704a	gmtkEMtrain	6	3121	0	1048.741465	0
686	emt0.29.12.traindir_res25000_k6.5c0fb16aa3c311ec8d53a4c3f04f704a	gmtkEMtrain	6	2517	0	1049.824715	0
687	emt0.29.10.traindir_res25000_k6.5c0fb16aa3c311ec8d53a4c3f04f704a	gmtkEMtrain	6	2361	0	1050.880809	0
688	emt0.29.13.traindir_res25000_k6.5c0fb16aa3c311ec8d53a4c3f04f704a	gmtkEMtrain	6	1549	0	1051.846975	0
689	emt0.29.14.traindir_res25000_k6.5c0fb16aa3c311ec8d53a4c3f04f704a	gmtkEMtrain	6	1407	0	1052.878687	0
668	emt0.29.0.traindir_res25000_k6.5c0fb16aa3c311ec8d53a4c3f04f704a	gmtkEMtrain	6	9947	0	1055.016009	0
690	emt0.29.bundle.traindir_res25000_k6.5c0fb16aa3c311ec8d53a4c3f04f704a	gmtkEMtrain	6	0	0	1055.620388	0
692	emt0.30.11.traindir_res25000_k6.5c0fb16aa3c311ec8d53a4c3f04f704a	gmtkEMtrain	6	9728	0	1057.761402	0
693	emt0.30.15.traindir_res25000_k6.5c0fb16aa3c311ec8d53a4c3f04f704a	gmtkEMtrain	6	7914	0	1059.697616	0
694	emt0.30.16.traindir_res25000_k6.5c0fb16aa3c311ec8d53a4c3f04f704a	gmtkEMtrain	6	7642	0	1061.640662	0
695	emt0.30.17.traindir_res25000_k6.5c0fb16aa3c311ec8d53a4c3f04f704a	gmtkEMtrain	6	7229	0	1063.37629	0
696	emt0.30.18.traindir_res25000_k6.5c0fb16aa3c311ec8d53a4c3f04f704a	gmtkEMtrain	6	6829	0	1065.1185380000002	0
697	emt0.30.19.traindir_res25000_k6.5c0fb16aa3c311ec8d53a4c3f04f704a	gmtkEMtrain	6	6365	0	1066.723819	0
698	emt0.30.20.traindir_res25000_k6.5c0fb16aa3c311ec8d53a4c3f04f704a	gmtkEMtrain	6	5847	0	1068.239167	0
699	emt0.30.21.traindir_res25000_k6.5c0fb16aa3c311ec8d53a4c3f04f704a	gmtkEMtrain	6	5644	0	1069.74957	0
700	emt0.30.1.traindir_res25000_k6.5c0fb16aa3c311ec8d53a4c3f04f704a	gmtkEMtrain	6	5418	0	1071.26251	0
701	emt0.30.2.traindir_res25000_k6.5c0fb16aa3c311ec8d53a4c3f04f704a	gmtkEMtrain	6	5391	0	1072.8383099999999	0
702	emt0.30.3.traindir_res25000_k6.5c0fb16aa3c311ec8d53a4c3f04f704a	gmtkEMtrain	6	5352	0	1074.378147	0
703	emt0.30.4.traindir_res25000_k6.5c0fb16aa3c311ec8d53a4c3f04f704a	gmtkEMtrain	6	3844	0	1075.657669	0
704	emt0.30.7.traindir_res25000_k6.5c0fb16aa3c311ec8d53a4c3f04f704a	gmtkEMtrain	6	3604	0	1076.846377	0
705	emt0.30.5.traindir_res25000_k6.5c0fb16aa3c311ec8d53a4c3f04f704a	gmtkEMtrain	6	3532	0	1078.080692	0
706	emt0.30.6.traindir_res25000_k6.5c0fb16aa3c311ec8d53a4c3f04f704a	gmtkEMtrain	6	3298	0	1079.285985	0
707	emt0.30.8.traindir_res25000_k6.5c0fb16aa3c311ec8d53a4c3f04f704a	gmtkEMtrain	6	3247	0	1080.429955	0
708	emt0.30.9.traindir_res25000_k6.5c0fb16aa3c311ec8d53a4c3f04f704a	gmtkEMtrain	6	3121	0	1081.600993	0
709	emt0.30.12.traindir_res25000_k6.5c0fb16aa3c311ec8d53a4c3f04f704a	gmtkEMtrain	6	2517	0	1082.701234	0
710	emt0.30.10.traindir_res25000_k6.5c0fb16aa3c311ec8d53a4c3f04f704a	gmtkEMtrain	6	2361	0	1083.715997	0
711	emt0.30.13.traindir_res25000_k6.5c0fb16aa3c311ec8d53a4c3f04f704a	gmtkEMtrain	6	1549	0	1084.682047	0
712	emt0.30.14.traindir_res25000_k6.5c0fb16aa3c311ec8d53a4c3f04f704a	gmtkEMtrain	6	1407	0	1085.536807	0
691	emt0.30.0.traindir_res25000_k6.5c0fb16aa3c311ec8d53a4c3f04f704a	gmtkEMtrain	6	9947	0	1087.662237	0
713	emt0.30.bundle.traindir_res25000_k6.5c0fb16aa3c311ec8d53a4c3f04f704a	gmtkEMtrain	6	0	0	1088.258349	0
715	emt0.31.11.traindir_res25000_k6.5c0fb16aa3c311ec8d53a4c3f04f704a	gmtkEMtrain	6	9728	0	1090.241007	0
716	emt0.31.15.traindir_res25000_k6.5c0fb16aa3c311ec8d53a4c3f04f704a	gmtkEMtrain	6	7914	0	1092.163658	0
717	emt0.31.16.traindir_res25000_k6.5c0fb16aa3c311ec8d53a4c3f04f704a	gmtkEMtrain	6	7642	0	1094.084251	0
718	emt0.31.17.traindir_res25000_k6.5c0fb16aa3c311ec8d53a4c3f04f704a	gmtkEMtrain	6	7229	0	1095.872443	0
719	emt0.31.18.traindir_res25000_k6.5c0fb16aa3c311ec8d53a4c3f04f704a	gmtkEMtrain	6	6829	0	1097.628136	0
720	emt0.31.19.traindir_res25000_k6.5c0fb16aa3c311ec8d53a4c3f04f704a	gmtkEMtrain	6	6365	0	1099.248739	0
721	emt0.31.20.traindir_res25000_k6.5c0fb16aa3c311ec8d53a4c3f04f704a	gmtkEMtrain	6	5847	0	1100.862044	0
722	emt0.31.21.traindir_res25000_k6.5c0fb16aa3c311ec8d53a4c3f04f704a	gmtkEMtrain	6	5644	0	1102.374738	0
723	emt0.31.1.traindir_res25000_k6.5c0fb16aa3c311ec8d53a4c3f04f704a	gmtkEMtrain	6	5418	0	1103.9732960000001	0
724	emt0.31.2.traindir_res25000_k6.5c0fb16aa3c311ec8d53a4c3f04f704a	gmtkEMtrain	6	5391	0	1105.603821	0
725	emt0.31.3.traindir_res25000_k6.5c0fb16aa3c311ec8d53a4c3f04f704a	gmtkEMtrain	6	5352	0	1107.171931	0
726	emt0.31.4.traindir_res25000_k6.5c0fb16aa3c311ec8d53a4c3f04f704a	gmtkEMtrain	6	3844	0	1108.516036	0
727	emt0.31.7.traindir_res25000_k6.5c0fb16aa3c311ec8d53a4c3f04f704a	gmtkEMtrain	6	3604	0	1109.75586	0
728	emt0.31.5.traindir_res25000_k6.5c0fb16aa3c311ec8d53a4c3f04f704a	gmtkEMtrain	6	3532	0	1110.950259	0
729	emt0.31.6.traindir_res25000_k6.5c0fb16aa3c311ec8d53a4c3f04f704a	gmtkEMtrain	6	3298	0	1112.189441	0
730	emt0.31.8.traindir_res25000_k6.5c0fb16aa3c311ec8d53a4c3f04f704a	gmtkEMtrain	6	3247	0	1113.391042	0
731	emt0.31.9.traindir_res25000_k6.5c0fb16aa3c311ec8d53a4c3f04f704a	gmtkEMtrain	6	3121	0	1114.481497	0
732	emt0.31.12.traindir_res25000_k6.5c0fb16aa3c311ec8d53a4c3f04f704a	gmtkEMtrain	6	2517	0	1115.600989	0
733	emt0.31.10.traindir_res25000_k6.5c0fb16aa3c311ec8d53a4c3f04f704a	gmtkEMtrain	6	2361	0	1116.694521	0
734	emt0.31.13.traindir_res25000_k6.5c0fb16aa3c311ec8d53a4c3f04f704a	gmtkEMtrain	6	1549	0	1117.589316	0
735	emt0.31.14.traindir_res25000_k6.5c0fb16aa3c311ec8d53a4c3f04f704a	gmtkEMtrain	6	1407	0	1118.5429629999999	0
714	emt0.31.0.traindir_res25000_k6.5c0fb16aa3c311ec8d53a4c3f04f704a	gmtkEMtrain	6	9947	0	1120.720575	0
736	emt0.31.bundle.traindir_res25000_k6.5c0fb16aa3c311ec8d53a4c3f04f704a	gmtkEMtrain	6	0	0	1121.172854	0
738	emt0.32.11.traindir_res25000_k6.5c0fb16aa3c311ec8d53a4c3f04f704a	gmtkEMtrain	6	9728	0	1123.495715	0
739	emt0.32.15.traindir_res25000_k6.5c0fb16aa3c311ec8d53a4c3f04f704a	gmtkEMtrain	6	7914	0	1125.58142	0
740	emt0.32.16.traindir_res25000_k6.5c0fb16aa3c311ec8d53a4c3f04f704a	gmtkEMtrain	6	7642	0	1127.563137	0
741	emt0.32.17.traindir_res25000_k6.5c0fb16aa3c311ec8d53a4c3f04f704a	gmtkEMtrain	6	7229	0	1129.517149	0
742	emt0.32.18.traindir_res25000_k6.5c0fb16aa3c311ec8d53a4c3f04f704a	gmtkEMtrain	6	6829	0	1131.317562	0
743	emt0.32.19.traindir_res25000_k6.5c0fb16aa3c311ec8d53a4c3f04f704a	gmtkEMtrain	6	6365	0	1132.98895	0
744	emt0.32.20.traindir_res25000_k6.5c0fb16aa3c311ec8d53a4c3f04f704a	gmtkEMtrain	6	5847	0	1134.725996	0
745	emt0.32.21.traindir_res25000_k6.5c0fb16aa3c311ec8d53a4c3f04f704a	gmtkEMtrain	6	5644	0	1136.342862	0
746	emt0.32.1.traindir_res25000_k6.5c0fb16aa3c311ec8d53a4c3f04f704a	gmtkEMtrain	6	5418	0	1137.9556570000002	0
747	emt0.32.2.traindir_res25000_k6.5c0fb16aa3c311ec8d53a4c3f04f704a	gmtkEMtrain	6	5391	0	1139.558669	0
748	emt0.32.3.traindir_res25000_k6.5c0fb16aa3c311ec8d53a4c3f04f704a	gmtkEMtrain	6	5352	0	1141.142327	0
749	emt0.32.4.traindir_res25000_k6.5c0fb16aa3c311ec8d53a4c3f04f704a	gmtkEMtrain	6	3844	0	1142.532276	0
750	emt0.32.7.traindir_res25000_k6.5c0fb16aa3c311ec8d53a4c3f04f704a	gmtkEMtrain	6	3604	0	1143.8074569999999	0
751	emt0.32.5.traindir_res25000_k6.5c0fb16aa3c311ec8d53a4c3f04f704a	gmtkEMtrain	6	3532	0	1145.113775	0
752	emt0.32.6.traindir_res25000_k6.5c0fb16aa3c311ec8d53a4c3f04f704a	gmtkEMtrain	6	3298	0	1146.344603	0
753	emt0.32.8.traindir_res25000_k6.5c0fb16aa3c311ec8d53a4c3f04f704a	gmtkEMtrain	6	3247	0	1147.5826630000001	0
754	emt0.32.9.traindir_res25000_k6.5c0fb16aa3c311ec8d53a4c3f04f704a	gmtkEMtrain	6	3121	0	1148.831198	0
755	emt0.32.12.traindir_res25000_k6.5c0fb16aa3c311ec8d53a4c3f04f704a	gmtkEMtrain	6	2517	0	1149.959769	0
756	emt0.32.10.traindir_res25000_k6.5c0fb16aa3c311ec8d53a4c3f04f704a	gmtkEMtrain	6	2361	0	1151.033144	0
757	emt0.32.13.traindir_res25000_k6.5c0fb16aa3c311ec8d53a4c3f04f704a	gmtkEMtrain	6	1549	0	1151.9778569999999	0
758	emt0.32.14.traindir_res25000_k6.5c0fb16aa3c311ec8d53a4c3f04f704a	gmtkEMtrain	6	1407	0	1152.8983779999999	0
737	emt0.32.0.traindir_res25000_k6.5c0fb16aa3c311ec8d53a4c3f04f704a	gmtkEMtrain	6	9947	0	1155.121179	0
759	emt0.32.bundle.traindir_res25000_k6.5c0fb16aa3c311ec8d53a4c3f04f704a	gmtkEMtrain	6	0	0	1155.722424	0
761	emt0.33.11.traindir_res25000_k6.5c0fb16aa3c311ec8d53a4c3f04f704a	gmtkEMtrain	6	9728	0	1158.197424	0
762	emt0.33.15.traindir_res25000_k6.5c0fb16aa3c311ec8d53a4c3f04f704a	gmtkEMtrain	6	7914	0	1160.235109	0
763	emt0.33.16.traindir_res25000_k6.5c0fb16aa3c311ec8d53a4c3f04f704a	gmtkEMtrain	6	7642	0	1162.339291	0
764	emt0.33.17.traindir_res25000_k6.5c0fb16aa3c311ec8d53a4c3f04f704a	gmtkEMtrain	6	7229	0	1164.340831	0
765	emt0.33.18.traindir_res25000_k6.5c0fb16aa3c311ec8d53a4c3f04f704a	gmtkEMtrain	6	6829	0	1166.2526579999999	0
766	emt0.33.19.traindir_res25000_k6.5c0fb16aa3c311ec8d53a4c3f04f704a	gmtkEMtrain	6	6365	0	1168.163405	0
767	emt0.33.20.traindir_res25000_k6.5c0fb16aa3c311ec8d53a4c3f04f704a	gmtkEMtrain	6	5847	0	1169.911039	0
768	emt0.33.21.traindir_res25000_k6.5c0fb16aa3c311ec8d53a4c3f04f704a	gmtkEMtrain	6	5644	0	1171.591013	0
769	emt0.33.1.traindir_res25000_k6.5c0fb16aa3c311ec8d53a4c3f04f704a	gmtkEMtrain	6	5418	0	1173.2656399999998	0
770	emt0.33.2.traindir_res25000_k6.5c0fb16aa3c311ec8d53a4c3f04f704a	gmtkEMtrain	6	5391	0	1174.9230819999998	0
771	emt0.33.3.traindir_res25000_k6.5c0fb16aa3c311ec8d53a4c3f04f704a	gmtkEMtrain	6	5352	0	1176.64132	0
772	emt0.33.4.traindir_res25000_k6.5c0fb16aa3c311ec8d53a4c3f04f704a	gmtkEMtrain	6	3844	0	1178.073312	0
773	emt0.33.7.traindir_res25000_k6.5c0fb16aa3c311ec8d53a4c3f04f704a	gmtkEMtrain	6	3604	0	1179.404727	0
774	emt0.33.5.traindir_res25000_k6.5c0fb16aa3c311ec8d53a4c3f04f704a	gmtkEMtrain	6	3532	0	1180.774148	0
775	emt0.33.6.traindir_res25000_k6.5c0fb16aa3c311ec8d53a4c3f04f704a	gmtkEMtrain	6	3298	0	1182.0908220000001	0
776	emt0.33.8.traindir_res25000_k6.5c0fb16aa3c311ec8d53a4c3f04f704a	gmtkEMtrain	6	3247	0	1183.445046	0
777	emt0.33.9.traindir_res25000_k6.5c0fb16aa3c311ec8d53a4c3f04f704a	gmtkEMtrain	6	3121	0	1184.7453810000002	0
778	emt0.33.12.traindir_res25000_k6.5c0fb16aa3c311ec8d53a4c3f04f704a	gmtkEMtrain	6	2517	0	1185.962283	0
779	emt0.33.10.traindir_res25000_k6.5c0fb16aa3c311ec8d53a4c3f04f704a	gmtkEMtrain	6	2361	0	1187.1297889999998	0
780	emt0.33.13.traindir_res25000_k6.5c0fb16aa3c311ec8d53a4c3f04f704a	gmtkEMtrain	6	1549	0	1188.192671	0
781	emt0.33.14.traindir_res25000_k6.5c0fb16aa3c311ec8d53a4c3f04f704a	gmtkEMtrain	6	1407	0	1189.212876	0
760	emt0.33.0.traindir_res25000_k6.5c0fb16aa3c311ec8d53a4c3f04f704a	gmtkEMtrain	6	9947	0	1191.672342	0
782	emt0.33.bundle.traindir_res25000_k6.5c0fb16aa3c311ec8d53a4c3f04f704a	gmtkEMtrain	6	0	0	1192.490657	0
784	emt0.34.11.traindir_res25000_k6.5c0fb16aa3c311ec8d53a4c3f04f704a	gmtkEMtrain	6	9728	0	1194.633698	0
785	emt0.34.15.traindir_res25000_k6.5c0fb16aa3c311ec8d53a4c3f04f704a	gmtkEMtrain	6	7914	0	1196.7020929999999	0
786	emt0.34.16.traindir_res25000_k6.5c0fb16aa3c311ec8d53a4c3f04f704a	gmtkEMtrain	6	7642	0	1198.670047	0
787	emt0.34.17.traindir_res25000_k6.5c0fb16aa3c311ec8d53a4c3f04f704a	gmtkEMtrain	6	7229	0	1200.527499	0
788	emt0.34.18.traindir_res25000_k6.5c0fb16aa3c311ec8d53a4c3f04f704a	gmtkEMtrain	6	6829	0	1202.319446	0
789	emt0.34.19.traindir_res25000_k6.5c0fb16aa3c311ec8d53a4c3f04f704a	gmtkEMtrain	6	6365	0	1204.0823320000002	0
790	emt0.34.20.traindir_res25000_k6.5c0fb16aa3c311ec8d53a4c3f04f704a	gmtkEMtrain	6	5847	0	1205.7354710000002	0
791	emt0.34.21.traindir_res25000_k6.5c0fb16aa3c311ec8d53a4c3f04f704a	gmtkEMtrain	6	5644	0	1207.236729	0
792	emt0.34.1.traindir_res25000_k6.5c0fb16aa3c311ec8d53a4c3f04f704a	gmtkEMtrain	6	5418	0	1208.8007089999999	0
793	emt0.34.2.traindir_res25000_k6.5c0fb16aa3c311ec8d53a4c3f04f704a	gmtkEMtrain	6	5391	0	1210.3970570000001	0
794	emt0.34.3.traindir_res25000_k6.5c0fb16aa3c311ec8d53a4c3f04f704a	gmtkEMtrain	6	5352	0	1211.930473	0
795	emt0.34.4.traindir_res25000_k6.5c0fb16aa3c311ec8d53a4c3f04f704a	gmtkEMtrain	6	3844	0	1213.2606250000001	0
796	emt0.34.7.traindir_res25000_k6.5c0fb16aa3c311ec8d53a4c3f04f704a	gmtkEMtrain	6	3604	0	1214.481108	0
797	emt0.34.5.traindir_res25000_k6.5c0fb16aa3c311ec8d53a4c3f04f704a	gmtkEMtrain	6	3532	0	1215.72604	0
798	emt0.34.6.traindir_res25000_k6.5c0fb16aa3c311ec8d53a4c3f04f704a	gmtkEMtrain	6	3298	0	1216.9430699999998	0
799	emt0.34.8.traindir_res25000_k6.5c0fb16aa3c311ec8d53a4c3f04f704a	gmtkEMtrain	6	3247	0	1218.103442	0
800	emt0.34.9.traindir_res25000_k6.5c0fb16aa3c311ec8d53a4c3f04f704a	gmtkEMtrain	6	3121	0	1219.2797569999998	0
801	emt0.34.12.traindir_res25000_k6.5c0fb16aa3c311ec8d53a4c3f04f704a	gmtkEMtrain	6	2517	0	1220.369234	0
802	emt0.34.10.traindir_res25000_k6.5c0fb16aa3c311ec8d53a4c3f04f704a	gmtkEMtrain	6	2361	0	1221.467174	0
803	emt0.34.13.traindir_res25000_k6.5c0fb16aa3c311ec8d53a4c3f04f704a	gmtkEMtrain	6	1549	0	1222.400636	0
804	emt0.34.14.traindir_res25000_k6.5c0fb16aa3c311ec8d53a4c3f04f704a	gmtkEMtrain	6	1407	0	1223.3383150000002	0
783	emt0.34.0.traindir_res25000_k6.5c0fb16aa3c311ec8d53a4c3f04f704a	gmtkEMtrain	6	9947	0	1225.4737129999999	0
805	emt0.34.bundle.traindir_res25000_k6.5c0fb16aa3c311ec8d53a4c3f04f704a	gmtkEMtrain	6	0	0	1226.063907	0
807	emt0.35.11.traindir_res25000_k6.5c0fb16aa3c311ec8d53a4c3f04f704a	gmtkEMtrain	6	9728	0	1228.212442	0
808	emt0.35.15.traindir_res25000_k6.5c0fb16aa3c311ec8d53a4c3f04f704a	gmtkEMtrain	6	7914	0	1230.209652	0
809	emt0.35.16.traindir_res25000_k6.5c0fb16aa3c311ec8d53a4c3f04f704a	gmtkEMtrain	6	7642	0	1232.182068	0
810	emt0.35.17.traindir_res25000_k6.5c0fb16aa3c311ec8d53a4c3f04f704a	gmtkEMtrain	6	7229	0	1234.065337	0
811	emt0.35.18.traindir_res25000_k6.5c0fb16aa3c311ec8d53a4c3f04f704a	gmtkEMtrain	6	6829	0	1235.905499	0
812	emt0.35.19.traindir_res25000_k6.5c0fb16aa3c311ec8d53a4c3f04f704a	gmtkEMtrain	6	6365	0	1237.687272	0
813	emt0.35.20.traindir_res25000_k6.5c0fb16aa3c311ec8d53a4c3f04f704a	gmtkEMtrain	6	5847	0	1239.3815140000002	0
814	emt0.35.21.traindir_res25000_k6.5c0fb16aa3c311ec8d53a4c3f04f704a	gmtkEMtrain	6	5644	0	1240.900838	0
815	emt0.35.1.traindir_res25000_k6.5c0fb16aa3c311ec8d53a4c3f04f704a	gmtkEMtrain	6	5418	0	1242.413902	0
816	emt0.35.2.traindir_res25000_k6.5c0fb16aa3c311ec8d53a4c3f04f704a	gmtkEMtrain	6	5391	0	1243.924552	0
817	emt0.35.3.traindir_res25000_k6.5c0fb16aa3c311ec8d53a4c3f04f704a	gmtkEMtrain	6	5352	0	1245.464997	0
818	emt0.35.4.traindir_res25000_k6.5c0fb16aa3c311ec8d53a4c3f04f704a	gmtkEMtrain	6	3844	0	1246.8170049999999	0
819	emt0.35.7.traindir_res25000_k6.5c0fb16aa3c311ec8d53a4c3f04f704a	gmtkEMtrain	6	3604	0	1248.066869	0
820	emt0.35.5.traindir_res25000_k6.5c0fb16aa3c311ec8d53a4c3f04f704a	gmtkEMtrain	6	3532	0	1249.30007	0
821	emt0.35.6.traindir_res25000_k6.5c0fb16aa3c311ec8d53a4c3f04f704a	gmtkEMtrain	6	3298	0	1250.467821	0
822	emt0.35.8.traindir_res25000_k6.5c0fb16aa3c311ec8d53a4c3f04f704a	gmtkEMtrain	6	3247	0	1251.620013	0
823	emt0.35.9.traindir_res25000_k6.5c0fb16aa3c311ec8d53a4c3f04f704a	gmtkEMtrain	6	3121	0	1252.8081980000002	0
824	emt0.35.12.traindir_res25000_k6.5c0fb16aa3c311ec8d53a4c3f04f704a	gmtkEMtrain	6	2517	0	1253.885848	0
825	emt0.35.10.traindir_res25000_k6.5c0fb16aa3c311ec8d53a4c3f04f704a	gmtkEMtrain	6	2361	0	1254.935029	0
826	emt0.35.13.traindir_res25000_k6.5c0fb16aa3c311ec8d53a4c3f04f704a	gmtkEMtrain	6	1549	0	1255.870634	0
827	emt0.35.14.traindir_res25000_k6.5c0fb16aa3c311ec8d53a4c3f04f704a	gmtkEMtrain	6	1407	0	1256.784142	0
806	emt0.35.0.traindir_res25000_k6.5c0fb16aa3c311ec8d53a4c3f04f704a	gmtkEMtrain	6	9947	0	1258.971506	0
828	emt0.35.bundle.traindir_res25000_k6.5c0fb16aa3c311ec8d53a4c3f04f704a	gmtkEMtrain	6	0	0	1259.4395960000002	0
830	emt0.36.11.traindir_res25000_k6.5c0fb16aa3c311ec8d53a4c3f04f704a	gmtkEMtrain	6	9728	0	1261.554734	0
831	emt0.36.15.traindir_res25000_k6.5c0fb16aa3c311ec8d53a4c3f04f704a	gmtkEMtrain	6	7914	0	1263.55285	0
832	emt0.36.16.traindir_res25000_k6.5c0fb16aa3c311ec8d53a4c3f04f704a	gmtkEMtrain	6	7642	0	1265.4425419999998	0
833	emt0.36.17.traindir_res25000_k6.5c0fb16aa3c311ec8d53a4c3f04f704a	gmtkEMtrain	6	7229	0	1267.333594	0
834	emt0.36.18.traindir_res25000_k6.5c0fb16aa3c311ec8d53a4c3f04f704a	gmtkEMtrain	6	6829	0	1269.1193680000001	0
835	emt0.36.19.traindir_res25000_k6.5c0fb16aa3c311ec8d53a4c3f04f704a	gmtkEMtrain	6	6365	0	1270.857203	0
836	emt0.36.20.traindir_res25000_k6.5c0fb16aa3c311ec8d53a4c3f04f704a	gmtkEMtrain	6	5847	0	1272.485666	0
837	emt0.36.21.traindir_res25000_k6.5c0fb16aa3c311ec8d53a4c3f04f704a	gmtkEMtrain	6	5644	0	1274.006167	0
838	emt0.36.1.traindir_res25000_k6.5c0fb16aa3c311ec8d53a4c3f04f704a	gmtkEMtrain	6	5418	0	1275.5755920000001	0
839	emt0.36.2.traindir_res25000_k6.5c0fb16aa3c311ec8d53a4c3f04f704a	gmtkEMtrain	6	5391	0	1277.1447679999999	0
840	emt0.36.3.traindir_res25000_k6.5c0fb16aa3c311ec8d53a4c3f04f704a	gmtkEMtrain	6	5352	0	1278.713406	0
841	emt0.36.4.traindir_res25000_k6.5c0fb16aa3c311ec8d53a4c3f04f704a	gmtkEMtrain	6	3844	0	1280.045881	0
842	emt0.36.7.traindir_res25000_k6.5c0fb16aa3c311ec8d53a4c3f04f704a	gmtkEMtrain	6	3604	0	1281.291632	0
843	emt0.36.5.traindir_res25000_k6.5c0fb16aa3c311ec8d53a4c3f04f704a	gmtkEMtrain	6	3532	0	1282.575087	0
844	emt0.36.6.traindir_res25000_k6.5c0fb16aa3c311ec8d53a4c3f04f704a	gmtkEMtrain	6	3298	0	1283.7815400000002	0
845	emt0.36.8.traindir_res25000_k6.5c0fb16aa3c311ec8d53a4c3f04f704a	gmtkEMtrain	6	3247	0	1284.97963	0
846	emt0.36.9.traindir_res25000_k6.5c0fb16aa3c311ec8d53a4c3f04f704a	gmtkEMtrain	6	3121	0	1286.216794	0
847	emt0.36.12.traindir_res25000_k6.5c0fb16aa3c311ec8d53a4c3f04f704a	gmtkEMtrain	6	2517	0	1287.3355430000001	0
848	emt0.36.10.traindir_res25000_k6.5c0fb16aa3c311ec8d53a4c3f04f704a	gmtkEMtrain	6	2361	0	1288.4051149999998	0
849	emt0.36.13.traindir_res25000_k6.5c0fb16aa3c311ec8d53a4c3f04f704a	gmtkEMtrain	6	1549	0	1289.301371	0
850	emt0.36.14.traindir_res25000_k6.5c0fb16aa3c311ec8d53a4c3f04f704a	gmtkEMtrain	6	1407	0	1290.213724	0
829	emt0.36.0.traindir_res25000_k6.5c0fb16aa3c311ec8d53a4c3f04f704a	gmtkEMtrain	6	9947	0	1292.3865739999999	0
851	emt0.36.bundle.traindir_res25000_k6.5c0fb16aa3c311ec8d53a4c3f04f704a	gmtkEMtrain	6	0	0	1292.991817	0
853	emt0.37.11.traindir_res25000_k6.5c0fb16aa3c311ec8d53a4c3f04f704a	gmtkEMtrain	6	9728	0	1295.300837	0
854	emt0.37.15.traindir_res25000_k6.5c0fb16aa3c311ec8d53a4c3f04f704a	gmtkEMtrain	6	7914	0	1297.193388	0
855	emt0.37.16.traindir_res25000_k6.5c0fb16aa3c311ec8d53a4c3f04f704a	gmtkEMtrain	6	7642	0	1299.149876	0
856	emt0.37.17.traindir_res25000_k6.5c0fb16aa3c311ec8d53a4c3f04f704a	gmtkEMtrain	6	7229	0	1301.050741	0
857	emt0.37.18.traindir_res25000_k6.5c0fb16aa3c311ec8d53a4c3f04f704a	gmtkEMtrain	6	6829	0	1302.912076	0
858	emt0.37.19.traindir_res25000_k6.5c0fb16aa3c311ec8d53a4c3f04f704a	gmtkEMtrain	6	6365	0	1304.66464	0
859	emt0.37.20.traindir_res25000_k6.5c0fb16aa3c311ec8d53a4c3f04f704a	gmtkEMtrain	6	5847	0	1306.3343490000002	0
860	emt0.37.21.traindir_res25000_k6.5c0fb16aa3c311ec8d53a4c3f04f704a	gmtkEMtrain	6	5644	0	1307.86854	0
861	emt0.37.1.traindir_res25000_k6.5c0fb16aa3c311ec8d53a4c3f04f704a	gmtkEMtrain	6	5418	0	1309.409702	0
862	emt0.37.2.traindir_res25000_k6.5c0fb16aa3c311ec8d53a4c3f04f704a	gmtkEMtrain	6	5391	0	1311.000721	0
863	emt0.37.3.traindir_res25000_k6.5c0fb16aa3c311ec8d53a4c3f04f704a	gmtkEMtrain	6	5352	0	1312.6268519999999	0
864	emt0.37.4.traindir_res25000_k6.5c0fb16aa3c311ec8d53a4c3f04f704a	gmtkEMtrain	6	3844	0	1313.986415	0
865	emt0.37.7.traindir_res25000_k6.5c0fb16aa3c311ec8d53a4c3f04f704a	gmtkEMtrain	6	3604	0	1315.207833	0
866	emt0.37.5.traindir_res25000_k6.5c0fb16aa3c311ec8d53a4c3f04f704a	gmtkEMtrain	6	3532	0	1316.490296	0
867	emt0.37.6.traindir_res25000_k6.5c0fb16aa3c311ec8d53a4c3f04f704a	gmtkEMtrain	6	3298	0	1317.722787	0
868	emt0.37.8.traindir_res25000_k6.5c0fb16aa3c311ec8d53a4c3f04f704a	gmtkEMtrain	6	3247	0	1318.898973	0
869	emt0.37.9.traindir_res25000_k6.5c0fb16aa3c311ec8d53a4c3f04f704a	gmtkEMtrain	6	3121	0	1320.094144	0
870	emt0.37.12.traindir_res25000_k6.5c0fb16aa3c311ec8d53a4c3f04f704a	gmtkEMtrain	6	2517	0	1321.177817	0
871	emt0.37.10.traindir_res25000_k6.5c0fb16aa3c311ec8d53a4c3f04f704a	gmtkEMtrain	6	2361	0	1322.24404	0
872	emt0.37.13.traindir_res25000_k6.5c0fb16aa3c311ec8d53a4c3f04f704a	gmtkEMtrain	6	1549	0	1323.184483	0
873	emt0.37.14.traindir_res25000_k6.5c0fb16aa3c311ec8d53a4c3f04f704a	gmtkEMtrain	6	1407	0	1324.175985	0
852	emt0.37.0.traindir_res25000_k6.5c0fb16aa3c311ec8d53a4c3f04f704a	gmtkEMtrain	6	9947	0	1326.3606340000001	0
874	emt0.37.bundle.traindir_res25000_k6.5c0fb16aa3c311ec8d53a4c3f04f704a	gmtkEMtrain	6	0	0	1326.940416	0
876	emt0.38.11.traindir_res25000_k6.5c0fb16aa3c311ec8d53a4c3f04f704a	gmtkEMtrain	6	9728	0	1329.238907	0
877	emt0.38.15.traindir_res25000_k6.5c0fb16aa3c311ec8d53a4c3f04f704a	gmtkEMtrain	6	7914	0	1331.291843	0
878	emt0.38.16.traindir_res25000_k6.5c0fb16aa3c311ec8d53a4c3f04f704a	gmtkEMtrain	6	7642	0	1333.277897	0
879	emt0.38.17.traindir_res25000_k6.5c0fb16aa3c311ec8d53a4c3f04f704a	gmtkEMtrain	6	7229	0	1335.103938	0
880	emt0.38.18.traindir_res25000_k6.5c0fb16aa3c311ec8d53a4c3f04f704a	gmtkEMtrain	6	6829	0	1336.87724	0
881	emt0.38.19.traindir_res25000_k6.5c0fb16aa3c311ec8d53a4c3f04f704a	gmtkEMtrain	6	6365	0	1338.590482	0
882	emt0.38.20.traindir_res25000_k6.5c0fb16aa3c311ec8d53a4c3f04f704a	gmtkEMtrain	6	5847	0	1340.3042249999999	0
883	emt0.38.21.traindir_res25000_k6.5c0fb16aa3c311ec8d53a4c3f04f704a	gmtkEMtrain	6	5644	0	1341.760642	0
884	emt0.38.1.traindir_res25000_k6.5c0fb16aa3c311ec8d53a4c3f04f704a	gmtkEMtrain	6	5418	0	1343.3698000000002	0
885	emt0.38.2.traindir_res25000_k6.5c0fb16aa3c311ec8d53a4c3f04f704a	gmtkEMtrain	6	5391	0	1344.904268	0
886	emt0.38.3.traindir_res25000_k6.5c0fb16aa3c311ec8d53a4c3f04f704a	gmtkEMtrain	6	5352	0	1346.408423	0
887	emt0.38.4.traindir_res25000_k6.5c0fb16aa3c311ec8d53a4c3f04f704a	gmtkEMtrain	6	3844	0	1347.7508209999999	0
888	emt0.38.7.traindir_res25000_k6.5c0fb16aa3c311ec8d53a4c3f04f704a	gmtkEMtrain	6	3604	0	1348.988116	0
889	emt0.38.5.traindir_res25000_k6.5c0fb16aa3c311ec8d53a4c3f04f704a	gmtkEMtrain	6	3532	0	1350.258161	0
890	emt0.38.6.traindir_res25000_k6.5c0fb16aa3c311ec8d53a4c3f04f704a	gmtkEMtrain	6	3298	0	1351.436043	0
891	emt0.38.8.traindir_res25000_k6.5c0fb16aa3c311ec8d53a4c3f04f704a	gmtkEMtrain	6	3247	0	1352.597325	0
892	emt0.38.9.traindir_res25000_k6.5c0fb16aa3c311ec8d53a4c3f04f704a	gmtkEMtrain	6	3121	0	1353.8404150000001	0
893	emt0.38.12.traindir_res25000_k6.5c0fb16aa3c311ec8d53a4c3f04f704a	gmtkEMtrain	6	2517	0	1354.977259	0
894	emt0.38.10.traindir_res25000_k6.5c0fb16aa3c311ec8d53a4c3f04f704a	gmtkEMtrain	6	2361	0	1356.0748700000001	0
895	emt0.38.13.traindir_res25000_k6.5c0fb16aa3c311ec8d53a4c3f04f704a	gmtkEMtrain	6	1549	0	1357.015007	0
896	emt0.38.14.traindir_res25000_k6.5c0fb16aa3c311ec8d53a4c3f04f704a	gmtkEMtrain	6	1407	0	1357.977426	0
875	emt0.38.0.traindir_res25000_k6.5c0fb16aa3c311ec8d53a4c3f04f704a	gmtkEMtrain	6	9947	0	1360.195595	0
897	emt0.38.bundle.traindir_res25000_k6.5c0fb16aa3c311ec8d53a4c3f04f704a	gmtkEMtrain	6	0	0	1360.78048	0
899	emt0.39.11.traindir_res25000_k6.5c0fb16aa3c311ec8d53a4c3f04f704a	gmtkEMtrain	6	9728	0	1362.90681	0
900	emt0.39.15.traindir_res25000_k6.5c0fb16aa3c311ec8d53a4c3f04f704a	gmtkEMtrain	6	7914	0	1364.906665	0
901	emt0.39.16.traindir_res25000_k6.5c0fb16aa3c311ec8d53a4c3f04f704a	gmtkEMtrain	6	7642	0	1366.824057	0
902	emt0.39.17.traindir_res25000_k6.5c0fb16aa3c311ec8d53a4c3f04f704a	gmtkEMtrain	6	7229	0	1368.6172800000002	0
903	emt0.39.18.traindir_res25000_k6.5c0fb16aa3c311ec8d53a4c3f04f704a	gmtkEMtrain	6	6829	0	1370.361502	0
904	emt0.39.19.traindir_res25000_k6.5c0fb16aa3c311ec8d53a4c3f04f704a	gmtkEMtrain	6	6365	0	1372.06613	0
905	emt0.39.20.traindir_res25000_k6.5c0fb16aa3c311ec8d53a4c3f04f704a	gmtkEMtrain	6	5847	0	1373.689641	0
906	emt0.39.21.traindir_res25000_k6.5c0fb16aa3c311ec8d53a4c3f04f704a	gmtkEMtrain	6	5644	0	1375.180194	0
907	emt0.39.1.traindir_res25000_k6.5c0fb16aa3c311ec8d53a4c3f04f704a	gmtkEMtrain	6	5418	0	1376.698554	0
908	emt0.39.2.traindir_res25000_k6.5c0fb16aa3c311ec8d53a4c3f04f704a	gmtkEMtrain	6	5391	0	1378.212646	0
909	emt0.39.3.traindir_res25000_k6.5c0fb16aa3c311ec8d53a4c3f04f704a	gmtkEMtrain	6	5352	0	1379.712043	0
910	emt0.39.4.traindir_res25000_k6.5c0fb16aa3c311ec8d53a4c3f04f704a	gmtkEMtrain	6	3844	0	1381.0179269999999	0
911	emt0.39.7.traindir_res25000_k6.5c0fb16aa3c311ec8d53a4c3f04f704a	gmtkEMtrain	6	3604	0	1382.212447	0
912	emt0.39.5.traindir_res25000_k6.5c0fb16aa3c311ec8d53a4c3f04f704a	gmtkEMtrain	6	3532	0	1383.460998	0
913	emt0.39.6.traindir_res25000_k6.5c0fb16aa3c311ec8d53a4c3f04f704a	gmtkEMtrain	6	3298	0	1384.647652	0
914	emt0.39.8.traindir_res25000_k6.5c0fb16aa3c311ec8d53a4c3f04f704a	gmtkEMtrain	6	3247	0	1385.869457	0
915	emt0.39.9.traindir_res25000_k6.5c0fb16aa3c311ec8d53a4c3f04f704a	gmtkEMtrain	6	3121	0	1387.046014	0
916	emt0.39.12.traindir_res25000_k6.5c0fb16aa3c311ec8d53a4c3f04f704a	gmtkEMtrain	6	2517	0	1388.1216439999998	0
917	emt0.39.10.traindir_res25000_k6.5c0fb16aa3c311ec8d53a4c3f04f704a	gmtkEMtrain	6	2361	0	1389.140319	0
918	emt0.39.13.traindir_res25000_k6.5c0fb16aa3c311ec8d53a4c3f04f704a	gmtkEMtrain	6	1549	0	1390.091027	0
919	emt0.39.14.traindir_res25000_k6.5c0fb16aa3c311ec8d53a4c3f04f704a	gmtkEMtrain	6	1407	0	1390.9741600000002	0
898	emt0.39.0.traindir_res25000_k6.5c0fb16aa3c311ec8d53a4c3f04f704a	gmtkEMtrain	6	9947	0	1393.1555879999999	0
920	emt0.39.bundle.traindir_res25000_k6.5c0fb16aa3c311ec8d53a4c3f04f704a	gmtkEMtrain	6	0	0	1393.771847	0
922	emt0.40.11.traindir_res25000_k6.5c0fb16aa3c311ec8d53a4c3f04f704a	gmtkEMtrain	6	9728	0	1395.97827	0
923	emt0.40.15.traindir_res25000_k6.5c0fb16aa3c311ec8d53a4c3f04f704a	gmtkEMtrain	6	7914	0	1397.886245	0
924	emt0.40.16.traindir_res25000_k6.5c0fb16aa3c311ec8d53a4c3f04f704a	gmtkEMtrain	6	7642	0	1399.7766969999998	0
925	emt0.40.17.traindir_res25000_k6.5c0fb16aa3c311ec8d53a4c3f04f704a	gmtkEMtrain	6	7229	0	1401.539559	0
926	emt0.40.18.traindir_res25000_k6.5c0fb16aa3c311ec8d53a4c3f04f704a	gmtkEMtrain	6	6829	0	1403.3448190000001	0
927	emt0.40.19.traindir_res25000_k6.5c0fb16aa3c311ec8d53a4c3f04f704a	gmtkEMtrain	6	6365	0	1405.0287910000002	0
928	emt0.40.20.traindir_res25000_k6.5c0fb16aa3c311ec8d53a4c3f04f704a	gmtkEMtrain	6	5847	0	1406.717393	0
929	emt0.40.21.traindir_res25000_k6.5c0fb16aa3c311ec8d53a4c3f04f704a	gmtkEMtrain	6	5644	0	1408.207323	0
930	emt0.40.1.traindir_res25000_k6.5c0fb16aa3c311ec8d53a4c3f04f704a	gmtkEMtrain	6	5418	0	1409.760497	0
931	emt0.40.2.traindir_res25000_k6.5c0fb16aa3c311ec8d53a4c3f04f704a	gmtkEMtrain	6	5391	0	1411.2661659999999	0
932	emt0.40.3.traindir_res25000_k6.5c0fb16aa3c311ec8d53a4c3f04f704a	gmtkEMtrain	6	5352	0	1412.7638239999999	0
933	emt0.40.4.traindir_res25000_k6.5c0fb16aa3c311ec8d53a4c3f04f704a	gmtkEMtrain	6	3844	0	1414.091763	0
934	emt0.40.7.traindir_res25000_k6.5c0fb16aa3c311ec8d53a4c3f04f704a	gmtkEMtrain	6	3604	0	1415.266136	0
935	emt0.40.5.traindir_res25000_k6.5c0fb16aa3c311ec8d53a4c3f04f704a	gmtkEMtrain	6	3532	0	1416.4833720000001	0
936	emt0.40.6.traindir_res25000_k6.5c0fb16aa3c311ec8d53a4c3f04f704a	gmtkEMtrain	6	3298	0	1417.697162	0
937	emt0.40.8.traindir_res25000_k6.5c0fb16aa3c311ec8d53a4c3f04f704a	gmtkEMtrain	6	3247	0	1418.877764	0
938	emt0.40.9.traindir_res25000_k6.5c0fb16aa3c311ec8d53a4c3f04f704a	gmtkEMtrain	6	3121	0	1420.036827	0
939	emt0.40.12.traindir_res25000_k6.5c0fb16aa3c311ec8d53a4c3f04f704a	gmtkEMtrain	6	2517	0	1421.129215	0
940	emt0.40.10.traindir_res25000_k6.5c0fb16aa3c311ec8d53a4c3f04f704a	gmtkEMtrain	6	2361	0	1422.1675639999999	0
941	emt0.40.13.traindir_res25000_k6.5c0fb16aa3c311ec8d53a4c3f04f704a	gmtkEMtrain	6	1549	0	1423.082906	0
942	emt0.40.14.traindir_res25000_k6.5c0fb16aa3c311ec8d53a4c3f04f704a	gmtkEMtrain	6	1407	0	1423.972526	0
921	emt0.40.0.traindir_res25000_k6.5c0fb16aa3c311ec8d53a4c3f04f704a	gmtkEMtrain	6	9947	0	1426.125758	0
943	emt0.40.bundle.traindir_res25000_k6.5c0fb16aa3c311ec8d53a4c3f04f704a	gmtkEMtrain	6	0	0	1426.732715	0
