jobid	jobname	prog	num_segs	num_frames	maxvmem	cpu	exit_status
2	emt0.0.11.train_K8.ea4d0b9ea42c11eca965a4c3f04f704a	gmtkEMtrain	8	2431	0	1.6972749999999999	0
3	emt0.0.15.train_K8.ea4d0b9ea42c11eca965a4c3f04f704a	gmtkEMtrain	8	1979	0	3.255085	0
4	emt0.0.16.train_K8.ea4d0b9ea42c11eca965a4c3f04f704a	gmtkEMtrain	8	1911	0	4.82247	0
5	emt0.0.17.train_K8.ea4d0b9ea42c11eca965a4c3f04f704a	gmtkEMtrain	8	1808	0	6.240248	0
6	emt0.0.18.train_K8.ea4d0b9ea42c11eca965a4c3f04f704a	gmtkEMtrain	8	1708	0	7.562267	0
7	emt0.0.19.train_K8.ea4d0b9ea42c11eca965a4c3f04f704a	gmtkEMtrain	8	1592	0	8.945582	0
8	emt0.0.20.train_K8.ea4d0b9ea42c11eca965a4c3f04f704a	gmtkEMtrain	8	1463	0	10.155256	0
9	emt0.0.21.train_K8.ea4d0b9ea42c11eca965a4c3f04f704a	gmtkEMtrain	8	1412	0	11.402476	0
10	emt0.0.1.train_K8.ea4d0b9ea42c11eca965a4c3f04f704a	gmtkEMtrain	8	1355	0	12.701803	0
11	emt0.0.2.train_K8.ea4d0b9ea42c11eca965a4c3f04f704a	gmtkEMtrain	8	1349	0	13.937585	0
12	emt0.0.3.train_K8.ea4d0b9ea42c11eca965a4c3f04f704a	gmtkEMtrain	8	1339	0	15.231978000000002	0
13	emt0.0.4.train_K8.ea4d0b9ea42c11eca965a4c3f04f704a	gmtkEMtrain	8	962	0	16.327096	0
14	emt0.0.7.train_K8.ea4d0b9ea42c11eca965a4c3f04f704a	gmtkEMtrain	8	902	0	17.302596	0
15	emt0.0.5.train_K8.ea4d0b9ea42c11eca965a4c3f04f704a	gmtkEMtrain	8	883	0	18.402372	0
16	emt0.0.6.train_K8.ea4d0b9ea42c11eca965a4c3f04f704a	gmtkEMtrain	8	825	0	19.485217	0
17	emt0.0.8.train_K8.ea4d0b9ea42c11eca965a4c3f04f704a	gmtkEMtrain	8	812	0	20.615097	0
18	emt0.0.9.train_K8.ea4d0b9ea42c11eca965a4c3f04f704a	gmtkEMtrain	8	781	0	21.678573999999998	0
19	emt0.0.12.train_K8.ea4d0b9ea42c11eca965a4c3f04f704a	gmtkEMtrain	8	630	0	22.653261	0
20	emt0.0.10.train_K8.ea4d0b9ea42c11eca965a4c3f04f704a	gmtkEMtrain	8	591	0	23.636652	0
21	emt0.0.13.train_K8.ea4d0b9ea42c11eca965a4c3f04f704a	gmtkEMtrain	8	388	0	24.554071	0
22	emt0.0.14.train_K8.ea4d0b9ea42c11eca965a4c3f04f704a	gmtkEMtrain	8	353	0	25.452841	0
1	emt0.0.0.train_K8.ea4d0b9ea42c11eca965a4c3f04f704a	gmtkEMtrain	8	2488	0	27.040956	0
23	emt0.0.bundle.train_K8.ea4d0b9ea42c11eca965a4c3f04f704a	gmtkEMtrain	8	0	0	27.690714	0
25	emt0.1.11.train_K8.ea4d0b9ea42c11eca965a4c3f04f704a	gmtkEMtrain	8	2431	0	29.364323	0
26	emt0.1.15.train_K8.ea4d0b9ea42c11eca965a4c3f04f704a	gmtkEMtrain	8	1979	0	30.789408	0
27	emt0.1.16.train_K8.ea4d0b9ea42c11eca965a4c3f04f704a	gmtkEMtrain	8	1911	0	32.215167	0
28	emt0.1.17.train_K8.ea4d0b9ea42c11eca965a4c3f04f704a	gmtkEMtrain	8	1808	0	33.701544	0
29	emt0.1.18.train_K8.ea4d0b9ea42c11eca965a4c3f04f704a	gmtkEMtrain	8	1708	0	35.100707	0
30	emt0.1.19.train_K8.ea4d0b9ea42c11eca965a4c3f04f704a	gmtkEMtrain	8	1592	0	36.505205	0
31	emt0.1.20.train_K8.ea4d0b9ea42c11eca965a4c3f04f704a	gmtkEMtrain	8	1463	0	37.67014	0
32	emt0.1.21.train_K8.ea4d0b9ea42c11eca965a4c3f04f704a	gmtkEMtrain	8	1412	0	38.890696000000005	0
33	emt0.1.1.train_K8.ea4d0b9ea42c11eca965a4c3f04f704a	gmtkEMtrain	8	1355	0	40.148524	0
34	emt0.1.2.train_K8.ea4d0b9ea42c11eca965a4c3f04f704a	gmtkEMtrain	8	1349	0	41.437197000000005	0
35	emt0.1.3.train_K8.ea4d0b9ea42c11eca965a4c3f04f704a	gmtkEMtrain	8	1339	0	42.720103	0
36	emt0.1.4.train_K8.ea4d0b9ea42c11eca965a4c3f04f704a	gmtkEMtrain	8	962	0	43.874407000000005	0
37	emt0.1.7.train_K8.ea4d0b9ea42c11eca965a4c3f04f704a	gmtkEMtrain	8	902	0	44.956233	0
38	emt0.1.5.train_K8.ea4d0b9ea42c11eca965a4c3f04f704a	gmtkEMtrain	8	883	0	46.076527	0
39	emt0.1.6.train_K8.ea4d0b9ea42c11eca965a4c3f04f704a	gmtkEMtrain	8	825	0	47.059248000000004	0
40	emt0.1.8.train_K8.ea4d0b9ea42c11eca965a4c3f04f704a	gmtkEMtrain	8	812	0	48.173761	0
41	emt0.1.9.train_K8.ea4d0b9ea42c11eca965a4c3f04f704a	gmtkEMtrain	8	781	0	49.290913	0
42	emt0.1.12.train_K8.ea4d0b9ea42c11eca965a4c3f04f704a	gmtkEMtrain	8	630	0	50.283878	0
43	emt0.1.10.train_K8.ea4d0b9ea42c11eca965a4c3f04f704a	gmtkEMtrain	8	591	0	51.221919	0
44	emt0.1.13.train_K8.ea4d0b9ea42c11eca965a4c3f04f704a	gmtkEMtrain	8	388	0	52.148287	0
45	emt0.1.14.train_K8.ea4d0b9ea42c11eca965a4c3f04f704a	gmtkEMtrain	8	353	0	53.100642	0
24	emt0.1.0.train_K8.ea4d0b9ea42c11eca965a4c3f04f704a	gmtkEMtrain	8	2488	0	54.709258999999996	0
46	emt0.1.bundle.train_K8.ea4d0b9ea42c11eca965a4c3f04f704a	gmtkEMtrain	8	0	0	55.291197	0
48	emt0.2.11.train_K8.ea4d0b9ea42c11eca965a4c3f04f704a	gmtkEMtrain	8	2431	0	56.675731999999996	0
49	emt0.2.15.train_K8.ea4d0b9ea42c11eca965a4c3f04f704a	gmtkEMtrain	8	1979	0	57.852475999999996	0
50	emt0.2.16.train_K8.ea4d0b9ea42c11eca965a4c3f04f704a	gmtkEMtrain	8	1911	0	59.107905	0
51	emt0.2.17.train_K8.ea4d0b9ea42c11eca965a4c3f04f704a	gmtkEMtrain	8	1808	0	60.234944999999996	0
52	emt0.2.18.train_K8.ea4d0b9ea42c11eca965a4c3f04f704a	gmtkEMtrain	8	1708	0	61.451164	0
53	emt0.2.19.train_K8.ea4d0b9ea42c11eca965a4c3f04f704a	gmtkEMtrain	8	1592	0	62.65956	0
54	emt0.2.20.train_K8.ea4d0b9ea42c11eca965a4c3f04f704a	gmtkEMtrain	8	1463	0	63.756792000000004	0
55	emt0.2.21.train_K8.ea4d0b9ea42c11eca965a4c3f04f704a	gmtkEMtrain	8	1412	0	64.876374	0
56	emt0.2.1.train_K8.ea4d0b9ea42c11eca965a4c3f04f704a	gmtkEMtrain	8	1355	0	66.015511	0
57	emt0.2.2.train_K8.ea4d0b9ea42c11eca965a4c3f04f704a	gmtkEMtrain	8	1349	0	67.100691	0
58	emt0.2.3.train_K8.ea4d0b9ea42c11eca965a4c3f04f704a	gmtkEMtrain	8	1339	0	68.194208	0
59	emt0.2.4.train_K8.ea4d0b9ea42c11eca965a4c3f04f704a	gmtkEMtrain	8	962	0	69.21570200000001	0
60	emt0.2.7.train_K8.ea4d0b9ea42c11eca965a4c3f04f704a	gmtkEMtrain	8	902	0	70.253305	0
61	emt0.2.5.train_K8.ea4d0b9ea42c11eca965a4c3f04f704a	gmtkEMtrain	8	883	0	71.24632199999999	0
62	emt0.2.6.train_K8.ea4d0b9ea42c11eca965a4c3f04f704a	gmtkEMtrain	8	825	0	72.095661	0
63	emt0.2.8.train_K8.ea4d0b9ea42c11eca965a4c3f04f704a	gmtkEMtrain	8	812	0	73.093739	0
64	emt0.2.9.train_K8.ea4d0b9ea42c11eca965a4c3f04f704a	gmtkEMtrain	8	781	0	74.100431	0
65	emt0.2.12.train_K8.ea4d0b9ea42c11eca965a4c3f04f704a	gmtkEMtrain	8	630	0	75.053473	0
66	emt0.2.10.train_K8.ea4d0b9ea42c11eca965a4c3f04f704a	gmtkEMtrain	8	591	0	75.826918	0
67	emt0.2.13.train_K8.ea4d0b9ea42c11eca965a4c3f04f704a	gmtkEMtrain	8	388	0	76.694128	0
68	emt0.2.14.train_K8.ea4d0b9ea42c11eca965a4c3f04f704a	gmtkEMtrain	8	353	0	77.59239500000001	0
47	emt0.2.0.train_K8.ea4d0b9ea42c11eca965a4c3f04f704a	gmtkEMtrain	8	2488	0	78.868306	0
69	emt0.2.bundle.train_K8.ea4d0b9ea42c11eca965a4c3f04f704a	gmtkEMtrain	8	0	0	79.380097	0
70	emt0.3.0.train_K8.ea4d0b9ea42c11eca965a4c3f04f704a	gmtkEMtrain	8	2488	0	80.757743	0
71	emt0.3.11.train_K8.ea4d0b9ea42c11eca965a4c3f04f704a	gmtkEMtrain	8	2431	0	81.96891099999999	0
72	emt0.3.15.train_K8.ea4d0b9ea42c11eca965a4c3f04f704a	gmtkEMtrain	8	1979	0	83.129043	0
73	emt0.3.16.train_K8.ea4d0b9ea42c11eca965a4c3f04f704a	gmtkEMtrain	8	1911	0	84.218903	0
74	emt0.3.17.train_K8.ea4d0b9ea42c11eca965a4c3f04f704a	gmtkEMtrain	8	1808	0	85.416424	0
75	emt0.3.18.train_K8.ea4d0b9ea42c11eca965a4c3f04f704a	gmtkEMtrain	8	1708	0	86.561083	0
76	emt0.3.19.train_K8.ea4d0b9ea42c11eca965a4c3f04f704a	gmtkEMtrain	8	1592	0	87.727333	0
77	emt0.3.20.train_K8.ea4d0b9ea42c11eca965a4c3f04f704a	gmtkEMtrain	8	1463	0	88.825924	0
78	emt0.3.21.train_K8.ea4d0b9ea42c11eca965a4c3f04f704a	gmtkEMtrain	8	1412	0	89.863993	0
79	emt0.3.1.train_K8.ea4d0b9ea42c11eca965a4c3f04f704a	gmtkEMtrain	8	1355	0	90.90052	0
80	emt0.3.2.train_K8.ea4d0b9ea42c11eca965a4c3f04f704a	gmtkEMtrain	8	1349	0	91.971668	0
81	emt0.3.3.train_K8.ea4d0b9ea42c11eca965a4c3f04f704a	gmtkEMtrain	8	1339	0	93.054088	0
82	emt0.3.4.train_K8.ea4d0b9ea42c11eca965a4c3f04f704a	gmtkEMtrain	8	962	0	94.04371599999999	0
83	emt0.3.7.train_K8.ea4d0b9ea42c11eca965a4c3f04f704a	gmtkEMtrain	8	902	0	94.997579	0
84	emt0.3.5.train_K8.ea4d0b9ea42c11eca965a4c3f04f704a	gmtkEMtrain	8	883	0	95.955768	0
85	emt0.3.6.train_K8.ea4d0b9ea42c11eca965a4c3f04f704a	gmtkEMtrain	8	825	0	96.914398	0
86	emt0.3.8.train_K8.ea4d0b9ea42c11eca965a4c3f04f704a	gmtkEMtrain	8	812	0	97.851348	0
87	emt0.3.9.train_K8.ea4d0b9ea42c11eca965a4c3f04f704a	gmtkEMtrain	8	781	0	98.684183	0
88	emt0.3.12.train_K8.ea4d0b9ea42c11eca965a4c3f04f704a	gmtkEMtrain	8	630	0	99.62534199999999	0
89	emt0.3.10.train_K8.ea4d0b9ea42c11eca965a4c3f04f704a	gmtkEMtrain	8	591	0	100.536416	0
90	emt0.3.13.train_K8.ea4d0b9ea42c11eca965a4c3f04f704a	gmtkEMtrain	8	388	0	101.37725999999999	0
91	emt0.3.14.train_K8.ea4d0b9ea42c11eca965a4c3f04f704a	gmtkEMtrain	8	353	0	102.253955	0
92	emt0.3.bundle.train_K8.ea4d0b9ea42c11eca965a4c3f04f704a	gmtkEMtrain	8	0	0	102.805571	0
93	emt0.4.0.train_K8.ea4d0b9ea42c11eca965a4c3f04f704a	gmtkEMtrain	8	2488	0	103.95861199999999	0
94	emt0.4.11.train_K8.ea4d0b9ea42c11eca965a4c3f04f704a	gmtkEMtrain	8	2431	0	105.288327	0
95	emt0.4.15.train_K8.ea4d0b9ea42c11eca965a4c3f04f704a	gmtkEMtrain	8	1979	0	106.313992	0
96	emt0.4.16.train_K8.ea4d0b9ea42c11eca965a4c3f04f704a	gmtkEMtrain	8	1911	0	107.39483399999999	0
97	emt0.4.17.train_K8.ea4d0b9ea42c11eca965a4c3f04f704a	gmtkEMtrain	8	1808	0	108.564781	0
98	emt0.4.18.train_K8.ea4d0b9ea42c11eca965a4c3f04f704a	gmtkEMtrain	8	1708	0	109.549506	0
99	emt0.4.19.train_K8.ea4d0b9ea42c11eca965a4c3f04f704a	gmtkEMtrain	8	1592	0	110.647839	0
100	emt0.4.20.train_K8.ea4d0b9ea42c11eca965a4c3f04f704a	gmtkEMtrain	8	1463	0	111.696854	0
101	emt0.4.21.train_K8.ea4d0b9ea42c11eca965a4c3f04f704a	gmtkEMtrain	8	1412	0	112.763229	0
102	emt0.4.1.train_K8.ea4d0b9ea42c11eca965a4c3f04f704a	gmtkEMtrain	8	1355	0	113.839884	0
103	emt0.4.2.train_K8.ea4d0b9ea42c11eca965a4c3f04f704a	gmtkEMtrain	8	1349	0	114.86807200000001	0
104	emt0.4.3.train_K8.ea4d0b9ea42c11eca965a4c3f04f704a	gmtkEMtrain	8	1339	0	115.915834	0
105	emt0.4.4.train_K8.ea4d0b9ea42c11eca965a4c3f04f704a	gmtkEMtrain	8	962	0	116.74836499999999	0
106	emt0.4.7.train_K8.ea4d0b9ea42c11eca965a4c3f04f704a	gmtkEMtrain	8	902	0	117.694367	0
107	emt0.4.5.train_K8.ea4d0b9ea42c11eca965a4c3f04f704a	gmtkEMtrain	8	883	0	118.70472500000001	0
108	emt0.4.6.train_K8.ea4d0b9ea42c11eca965a4c3f04f704a	gmtkEMtrain	8	825	0	119.728491	0
109	emt0.4.8.train_K8.ea4d0b9ea42c11eca965a4c3f04f704a	gmtkEMtrain	8	812	0	120.67214600000001	0
110	emt0.4.9.train_K8.ea4d0b9ea42c11eca965a4c3f04f704a	gmtkEMtrain	8	781	0	121.635612	0
111	emt0.4.12.train_K8.ea4d0b9ea42c11eca965a4c3f04f704a	gmtkEMtrain	8	630	0	122.526868	0
112	emt0.4.10.train_K8.ea4d0b9ea42c11eca965a4c3f04f704a	gmtkEMtrain	8	591	0	123.38891100000001	0
113	emt0.4.13.train_K8.ea4d0b9ea42c11eca965a4c3f04f704a	gmtkEMtrain	8	388	0	124.29772	0
114	emt0.4.14.train_K8.ea4d0b9ea42c11eca965a4c3f04f704a	gmtkEMtrain	8	353	0	125.174656	0
115	emt0.4.bundle.train_K8.ea4d0b9ea42c11eca965a4c3f04f704a	gmtkEMtrain	8	0	0	125.739444	0
116	emt0.5.0.train_K8.ea4d0b9ea42c11eca965a4c3f04f704a	gmtkEMtrain	8	2488	0	126.883169	0
117	emt0.5.11.train_K8.ea4d0b9ea42c11eca965a4c3f04f704a	gmtkEMtrain	8	2431	0	128.213991	0
118	emt0.5.15.train_K8.ea4d0b9ea42c11eca965a4c3f04f704a	gmtkEMtrain	8	1979	0	129.440123	0
119	emt0.5.16.train_K8.ea4d0b9ea42c11eca965a4c3f04f704a	gmtkEMtrain	8	1911	0	130.561261	0
120	emt0.5.17.train_K8.ea4d0b9ea42c11eca965a4c3f04f704a	gmtkEMtrain	8	1808	0	131.698651	0
121	emt0.5.18.train_K8.ea4d0b9ea42c11eca965a4c3f04f704a	gmtkEMtrain	8	1708	0	132.866479	0
122	emt0.5.19.train_K8.ea4d0b9ea42c11eca965a4c3f04f704a	gmtkEMtrain	8	1592	0	133.996385	0
123	emt0.5.20.train_K8.ea4d0b9ea42c11eca965a4c3f04f704a	gmtkEMtrain	8	1463	0	135.049319	0
124	emt0.5.21.train_K8.ea4d0b9ea42c11eca965a4c3f04f704a	gmtkEMtrain	8	1412	0	136.092819	0
125	emt0.5.1.train_K8.ea4d0b9ea42c11eca965a4c3f04f704a	gmtkEMtrain	8	1355	0	137.210068	0
126	emt0.5.2.train_K8.ea4d0b9ea42c11eca965a4c3f04f704a	gmtkEMtrain	8	1349	0	138.264282	0
127	emt0.5.3.train_K8.ea4d0b9ea42c11eca965a4c3f04f704a	gmtkEMtrain	8	1339	0	139.293753	0
128	emt0.5.4.train_K8.ea4d0b9ea42c11eca965a4c3f04f704a	gmtkEMtrain	8	962	0	140.254156	0
129	emt0.5.7.train_K8.ea4d0b9ea42c11eca965a4c3f04f704a	gmtkEMtrain	8	902	0	141.302236	0
130	emt0.5.5.train_K8.ea4d0b9ea42c11eca965a4c3f04f704a	gmtkEMtrain	8	883	0	142.257448	0
131	emt0.5.6.train_K8.ea4d0b9ea42c11eca965a4c3f04f704a	gmtkEMtrain	8	825	0	143.20030300000002	0
132	emt0.5.8.train_K8.ea4d0b9ea42c11eca965a4c3f04f704a	gmtkEMtrain	8	812	0	144.12278	0
133	emt0.5.9.train_K8.ea4d0b9ea42c11eca965a4c3f04f704a	gmtkEMtrain	8	781	0	145.098482	0
134	emt0.5.12.train_K8.ea4d0b9ea42c11eca965a4c3f04f704a	gmtkEMtrain	8	630	0	146.008657	0
135	emt0.5.10.train_K8.ea4d0b9ea42c11eca965a4c3f04f704a	gmtkEMtrain	8	591	0	146.914734	0
136	emt0.5.13.train_K8.ea4d0b9ea42c11eca965a4c3f04f704a	gmtkEMtrain	8	388	0	147.741252	0
137	emt0.5.14.train_K8.ea4d0b9ea42c11eca965a4c3f04f704a	gmtkEMtrain	8	353	0	148.457249	0
138	emt0.5.bundle.train_K8.ea4d0b9ea42c11eca965a4c3f04f704a	gmtkEMtrain	8	0	0	148.99056199999998	0
139	emt0.6.0.train_K8.ea4d0b9ea42c11eca965a4c3f04f704a	gmtkEMtrain	8	2488	0	150.27073900000002	0
140	emt0.6.11.train_K8.ea4d0b9ea42c11eca965a4c3f04f704a	gmtkEMtrain	8	2431	0	151.53997199999998	0
141	emt0.6.15.train_K8.ea4d0b9ea42c11eca965a4c3f04f704a	gmtkEMtrain	8	1979	0	152.728656	0
142	emt0.6.16.train_K8.ea4d0b9ea42c11eca965a4c3f04f704a	gmtkEMtrain	8	1911	0	153.95729500000002	0
143	emt0.6.17.train_K8.ea4d0b9ea42c11eca965a4c3f04f704a	gmtkEMtrain	8	1808	0	154.949812	0
144	emt0.6.18.train_K8.ea4d0b9ea42c11eca965a4c3f04f704a	gmtkEMtrain	8	1708	0	156.070938	0
145	emt0.6.19.train_K8.ea4d0b9ea42c11eca965a4c3f04f704a	gmtkEMtrain	8	1592	0	157.2764	0
146	emt0.6.20.train_K8.ea4d0b9ea42c11eca965a4c3f04f704a	gmtkEMtrain	8	1463	0	158.333942	0
147	emt0.6.21.train_K8.ea4d0b9ea42c11eca965a4c3f04f704a	gmtkEMtrain	8	1412	0	159.340999	0
148	emt0.6.1.train_K8.ea4d0b9ea42c11eca965a4c3f04f704a	gmtkEMtrain	8	1355	0	160.39759800000002	0
149	emt0.6.2.train_K8.ea4d0b9ea42c11eca965a4c3f04f704a	gmtkEMtrain	8	1349	0	161.46567199999998	0
150	emt0.6.3.train_K8.ea4d0b9ea42c11eca965a4c3f04f704a	gmtkEMtrain	8	1339	0	162.52049599999998	0
151	emt0.6.4.train_K8.ea4d0b9ea42c11eca965a4c3f04f704a	gmtkEMtrain	8	962	0	163.505456	0
152	emt0.6.7.train_K8.ea4d0b9ea42c11eca965a4c3f04f704a	gmtkEMtrain	8	902	0	164.49573199999998	0
153	emt0.6.5.train_K8.ea4d0b9ea42c11eca965a4c3f04f704a	gmtkEMtrain	8	883	0	165.452269	0
154	emt0.6.6.train_K8.ea4d0b9ea42c11eca965a4c3f04f704a	gmtkEMtrain	8	825	0	166.43189900000002	0
155	emt0.6.8.train_K8.ea4d0b9ea42c11eca965a4c3f04f704a	gmtkEMtrain	8	812	0	167.40002	0
156	emt0.6.9.train_K8.ea4d0b9ea42c11eca965a4c3f04f704a	gmtkEMtrain	8	781	0	168.406019	0
157	emt0.6.12.train_K8.ea4d0b9ea42c11eca965a4c3f04f704a	gmtkEMtrain	8	630	0	169.353863	0
158	emt0.6.10.train_K8.ea4d0b9ea42c11eca965a4c3f04f704a	gmtkEMtrain	8	591	0	170.323065	0
159	emt0.6.13.train_K8.ea4d0b9ea42c11eca965a4c3f04f704a	gmtkEMtrain	8	388	0	171.025571	0
160	emt0.6.14.train_K8.ea4d0b9ea42c11eca965a4c3f04f704a	gmtkEMtrain	8	353	0	171.87665700000002	0
161	emt0.6.bundle.train_K8.ea4d0b9ea42c11eca965a4c3f04f704a	gmtkEMtrain	8	0	0	172.475962	0
162	emt0.7.0.train_K8.ea4d0b9ea42c11eca965a4c3f04f704a	gmtkEMtrain	8	2488	0	173.74332299999998	0
163	emt0.7.11.train_K8.ea4d0b9ea42c11eca965a4c3f04f704a	gmtkEMtrain	8	2431	0	174.995207	0
164	emt0.7.15.train_K8.ea4d0b9ea42c11eca965a4c3f04f704a	gmtkEMtrain	8	1979	0	176.127745	0
165	emt0.7.16.train_K8.ea4d0b9ea42c11eca965a4c3f04f704a	gmtkEMtrain	8	1911	0	177.12625899999998	0
166	emt0.7.17.train_K8.ea4d0b9ea42c11eca965a4c3f04f704a	gmtkEMtrain	8	1808	0	178.26172	0
167	emt0.7.18.train_K8.ea4d0b9ea42c11eca965a4c3f04f704a	gmtkEMtrain	8	1708	0	179.3177	0
168	emt0.7.19.train_K8.ea4d0b9ea42c11eca965a4c3f04f704a	gmtkEMtrain	8	1592	0	180.469353	0
169	emt0.7.20.train_K8.ea4d0b9ea42c11eca965a4c3f04f704a	gmtkEMtrain	8	1463	0	181.434125	0
170	emt0.7.21.train_K8.ea4d0b9ea42c11eca965a4c3f04f704a	gmtkEMtrain	8	1412	0	182.40897800000002	0
171	emt0.7.1.train_K8.ea4d0b9ea42c11eca965a4c3f04f704a	gmtkEMtrain	8	1355	0	183.416656	0
172	emt0.7.2.train_K8.ea4d0b9ea42c11eca965a4c3f04f704a	gmtkEMtrain	8	1349	0	184.407209	0
173	emt0.7.3.train_K8.ea4d0b9ea42c11eca965a4c3f04f704a	gmtkEMtrain	8	1339	0	185.36039599999998	0
174	emt0.7.4.train_K8.ea4d0b9ea42c11eca965a4c3f04f704a	gmtkEMtrain	8	962	0	186.387633	0
175	emt0.7.7.train_K8.ea4d0b9ea42c11eca965a4c3f04f704a	gmtkEMtrain	8	902	0	187.383701	0
176	emt0.7.5.train_K8.ea4d0b9ea42c11eca965a4c3f04f704a	gmtkEMtrain	8	883	0	188.429109	0
177	emt0.7.6.train_K8.ea4d0b9ea42c11eca965a4c3f04f704a	gmtkEMtrain	8	825	0	189.360335	0
178	emt0.7.8.train_K8.ea4d0b9ea42c11eca965a4c3f04f704a	gmtkEMtrain	8	812	0	190.300064	0
179	emt0.7.9.train_K8.ea4d0b9ea42c11eca965a4c3f04f704a	gmtkEMtrain	8	781	0	191.197145	0
180	emt0.7.12.train_K8.ea4d0b9ea42c11eca965a4c3f04f704a	gmtkEMtrain	8	630	0	192.058525	0
181	emt0.7.10.train_K8.ea4d0b9ea42c11eca965a4c3f04f704a	gmtkEMtrain	8	591	0	192.902975	0
182	emt0.7.13.train_K8.ea4d0b9ea42c11eca965a4c3f04f704a	gmtkEMtrain	8	388	0	193.80085499999998	0
183	emt0.7.14.train_K8.ea4d0b9ea42c11eca965a4c3f04f704a	gmtkEMtrain	8	353	0	194.671791	0
184	emt0.7.bundle.train_K8.ea4d0b9ea42c11eca965a4c3f04f704a	gmtkEMtrain	8	0	0	195.237626	0
185	emt0.8.0.train_K8.ea4d0b9ea42c11eca965a4c3f04f704a	gmtkEMtrain	8	2488	0	196.528557	0
186	emt0.8.11.train_K8.ea4d0b9ea42c11eca965a4c3f04f704a	gmtkEMtrain	8	2431	0	197.82345	0
187	emt0.8.15.train_K8.ea4d0b9ea42c11eca965a4c3f04f704a	gmtkEMtrain	8	1979	0	199.05186799999998	0
188	emt0.8.16.train_K8.ea4d0b9ea42c11eca965a4c3f04f704a	gmtkEMtrain	8	1911	0	200.24327599999998	0
189	emt0.8.17.train_K8.ea4d0b9ea42c11eca965a4c3f04f704a	gmtkEMtrain	8	1808	0	201.391611	0
190	emt0.8.18.train_K8.ea4d0b9ea42c11eca965a4c3f04f704a	gmtkEMtrain	8	1708	0	202.61553700000002	0
191	emt0.8.19.train_K8.ea4d0b9ea42c11eca965a4c3f04f704a	gmtkEMtrain	8	1592	0	203.67573299999998	0
192	emt0.8.20.train_K8.ea4d0b9ea42c11eca965a4c3f04f704a	gmtkEMtrain	8	1463	0	204.821966	0
193	emt0.8.21.train_K8.ea4d0b9ea42c11eca965a4c3f04f704a	gmtkEMtrain	8	1412	0	205.914452	0
194	emt0.8.1.train_K8.ea4d0b9ea42c11eca965a4c3f04f704a	gmtkEMtrain	8	1355	0	207.03524099999998	0
195	emt0.8.2.train_K8.ea4d0b9ea42c11eca965a4c3f04f704a	gmtkEMtrain	8	1349	0	208.090061	0
196	emt0.8.3.train_K8.ea4d0b9ea42c11eca965a4c3f04f704a	gmtkEMtrain	8	1339	0	209.14903299999997	0
197	emt0.8.4.train_K8.ea4d0b9ea42c11eca965a4c3f04f704a	gmtkEMtrain	8	962	0	210.134149	0
198	emt0.8.7.train_K8.ea4d0b9ea42c11eca965a4c3f04f704a	gmtkEMtrain	8	902	0	211.115881	0
199	emt0.8.5.train_K8.ea4d0b9ea42c11eca965a4c3f04f704a	gmtkEMtrain	8	883	0	212.10599	0
200	emt0.8.6.train_K8.ea4d0b9ea42c11eca965a4c3f04f704a	gmtkEMtrain	8	825	0	213.10768099999999	0
201	emt0.8.8.train_K8.ea4d0b9ea42c11eca965a4c3f04f704a	gmtkEMtrain	8	812	0	214.064877	0
202	emt0.8.9.train_K8.ea4d0b9ea42c11eca965a4c3f04f704a	gmtkEMtrain	8	781	0	215.08067499999999	0
203	emt0.8.12.train_K8.ea4d0b9ea42c11eca965a4c3f04f704a	gmtkEMtrain	8	630	0	215.994623	0
204	emt0.8.10.train_K8.ea4d0b9ea42c11eca965a4c3f04f704a	gmtkEMtrain	8	591	0	216.929355	0
205	emt0.8.13.train_K8.ea4d0b9ea42c11eca965a4c3f04f704a	gmtkEMtrain	8	388	0	217.661933	0
206	emt0.8.14.train_K8.ea4d0b9ea42c11eca965a4c3f04f704a	gmtkEMtrain	8	353	0	218.55524	0
207	emt0.8.bundle.train_K8.ea4d0b9ea42c11eca965a4c3f04f704a	gmtkEMtrain	8	0	0	219.106467	0
208	emt0.9.0.train_K8.ea4d0b9ea42c11eca965a4c3f04f704a	gmtkEMtrain	8	2488	0	220.40215999999998	0
209	emt0.9.11.train_K8.ea4d0b9ea42c11eca965a4c3f04f704a	gmtkEMtrain	8	2431	0	221.551653	0
210	emt0.9.15.train_K8.ea4d0b9ea42c11eca965a4c3f04f704a	gmtkEMtrain	8	1979	0	222.602581	0
211	emt0.9.16.train_K8.ea4d0b9ea42c11eca965a4c3f04f704a	gmtkEMtrain	8	1911	0	223.718244	0
212	emt0.9.17.train_K8.ea4d0b9ea42c11eca965a4c3f04f704a	gmtkEMtrain	8	1808	0	224.86319799999998	0
213	emt0.9.18.train_K8.ea4d0b9ea42c11eca965a4c3f04f704a	gmtkEMtrain	8	1708	0	225.98435700000002	0
214	emt0.9.19.train_K8.ea4d0b9ea42c11eca965a4c3f04f704a	gmtkEMtrain	8	1592	0	227.111374	0
215	emt0.9.20.train_K8.ea4d0b9ea42c11eca965a4c3f04f704a	gmtkEMtrain	8	1463	0	228.18917000000002	0
216	emt0.9.21.train_K8.ea4d0b9ea42c11eca965a4c3f04f704a	gmtkEMtrain	8	1412	0	229.247744	0
217	emt0.9.1.train_K8.ea4d0b9ea42c11eca965a4c3f04f704a	gmtkEMtrain	8	1355	0	230.29974099999998	0
218	emt0.9.2.train_K8.ea4d0b9ea42c11eca965a4c3f04f704a	gmtkEMtrain	8	1349	0	231.338579	0
219	emt0.9.3.train_K8.ea4d0b9ea42c11eca965a4c3f04f704a	gmtkEMtrain	8	1339	0	232.424107	0
220	emt0.9.4.train_K8.ea4d0b9ea42c11eca965a4c3f04f704a	gmtkEMtrain	8	962	0	233.394813	0
221	emt0.9.7.train_K8.ea4d0b9ea42c11eca965a4c3f04f704a	gmtkEMtrain	8	902	0	234.35748	0
222	emt0.9.5.train_K8.ea4d0b9ea42c11eca965a4c3f04f704a	gmtkEMtrain	8	883	0	235.29344	0
223	emt0.9.6.train_K8.ea4d0b9ea42c11eca965a4c3f04f704a	gmtkEMtrain	8	825	0	236.099843	0
224	emt0.9.8.train_K8.ea4d0b9ea42c11eca965a4c3f04f704a	gmtkEMtrain	8	812	0	237.030005	0
225	emt0.9.9.train_K8.ea4d0b9ea42c11eca965a4c3f04f704a	gmtkEMtrain	8	781	0	237.983578	0
226	emt0.9.12.train_K8.ea4d0b9ea42c11eca965a4c3f04f704a	gmtkEMtrain	8	630	0	238.753966	0
227	emt0.9.10.train_K8.ea4d0b9ea42c11eca965a4c3f04f704a	gmtkEMtrain	8	591	0	239.65131100000002	0
228	emt0.9.13.train_K8.ea4d0b9ea42c11eca965a4c3f04f704a	gmtkEMtrain	8	388	0	240.60424799999998	0
229	emt0.9.14.train_K8.ea4d0b9ea42c11eca965a4c3f04f704a	gmtkEMtrain	8	353	0	241.505685	0
230	emt0.9.bundle.train_K8.ea4d0b9ea42c11eca965a4c3f04f704a	gmtkEMtrain	8	0	0	242.048524	0
231	emt0.10.0.train_K8.ea4d0b9ea42c11eca965a4c3f04f704a	gmtkEMtrain	8	2488	0	243.35269599999998	0
232	emt0.10.11.train_K8.ea4d0b9ea42c11eca965a4c3f04f704a	gmtkEMtrain	8	2431	0	244.662334	0
233	emt0.10.15.train_K8.ea4d0b9ea42c11eca965a4c3f04f704a	gmtkEMtrain	8	1979	0	245.691859	0
234	emt0.10.16.train_K8.ea4d0b9ea42c11eca965a4c3f04f704a	gmtkEMtrain	8	1911	0	246.82357100000002	0
235	emt0.10.17.train_K8.ea4d0b9ea42c11eca965a4c3f04f704a	gmtkEMtrain	8	1808	0	247.980551	0
236	emt0.10.18.train_K8.ea4d0b9ea42c11eca965a4c3f04f704a	gmtkEMtrain	8	1708	0	249.10267399999998	0
237	emt0.10.19.train_K8.ea4d0b9ea42c11eca965a4c3f04f704a	gmtkEMtrain	8	1592	0	250.267743	0
238	emt0.10.20.train_K8.ea4d0b9ea42c11eca965a4c3f04f704a	gmtkEMtrain	8	1463	0	251.378359	0
239	emt0.10.21.train_K8.ea4d0b9ea42c11eca965a4c3f04f704a	gmtkEMtrain	8	1412	0	252.453247	0
240	emt0.10.1.train_K8.ea4d0b9ea42c11eca965a4c3f04f704a	gmtkEMtrain	8	1355	0	253.552934	0
241	emt0.10.2.train_K8.ea4d0b9ea42c11eca965a4c3f04f704a	gmtkEMtrain	8	1349	0	254.568815	0
242	emt0.10.3.train_K8.ea4d0b9ea42c11eca965a4c3f04f704a	gmtkEMtrain	8	1339	0	255.66825599999999	0
243	emt0.10.4.train_K8.ea4d0b9ea42c11eca965a4c3f04f704a	gmtkEMtrain	8	962	0	256.659191	0
244	emt0.10.7.train_K8.ea4d0b9ea42c11eca965a4c3f04f704a	gmtkEMtrain	8	902	0	257.637165	0
245	emt0.10.5.train_K8.ea4d0b9ea42c11eca965a4c3f04f704a	gmtkEMtrain	8	883	0	258.615215	0
246	emt0.10.6.train_K8.ea4d0b9ea42c11eca965a4c3f04f704a	gmtkEMtrain	8	825	0	259.57854	0
247	emt0.10.8.train_K8.ea4d0b9ea42c11eca965a4c3f04f704a	gmtkEMtrain	8	812	0	260.396659	0
248	emt0.10.9.train_K8.ea4d0b9ea42c11eca965a4c3f04f704a	gmtkEMtrain	8	781	0	261.372108	0
249	emt0.10.12.train_K8.ea4d0b9ea42c11eca965a4c3f04f704a	gmtkEMtrain	8	630	0	262.16078899999997	0
250	emt0.10.10.train_K8.ea4d0b9ea42c11eca965a4c3f04f704a	gmtkEMtrain	8	591	0	263.139012	0
251	emt0.10.13.train_K8.ea4d0b9ea42c11eca965a4c3f04f704a	gmtkEMtrain	8	388	0	263.999079	0
252	emt0.10.14.train_K8.ea4d0b9ea42c11eca965a4c3f04f704a	gmtkEMtrain	8	353	0	264.898455	0
253	emt0.10.bundle.train_K8.ea4d0b9ea42c11eca965a4c3f04f704a	gmtkEMtrain	8	0	0	265.519137	0
254	emt0.11.0.train_K8.ea4d0b9ea42c11eca965a4c3f04f704a	gmtkEMtrain	8	2488	0	266.767181	0
255	emt0.11.11.train_K8.ea4d0b9ea42c11eca965a4c3f04f704a	gmtkEMtrain	8	2431	0	268.01243800000003	0
256	emt0.11.15.train_K8.ea4d0b9ea42c11eca965a4c3f04f704a	gmtkEMtrain	8	1979	0	269.16188	0
257	emt0.11.16.train_K8.ea4d0b9ea42c11eca965a4c3f04f704a	gmtkEMtrain	8	1911	0	270.283362	0
258	emt0.11.17.train_K8.ea4d0b9ea42c11eca965a4c3f04f704a	gmtkEMtrain	8	1808	0	271.300417	0
259	emt0.11.18.train_K8.ea4d0b9ea42c11eca965a4c3f04f704a	gmtkEMtrain	8	1708	0	272.434697	0
260	emt0.11.19.train_K8.ea4d0b9ea42c11eca965a4c3f04f704a	gmtkEMtrain	8	1592	0	273.531486	0
261	emt0.11.20.train_K8.ea4d0b9ea42c11eca965a4c3f04f704a	gmtkEMtrain	8	1463	0	274.475032	0
262	emt0.11.21.train_K8.ea4d0b9ea42c11eca965a4c3f04f704a	gmtkEMtrain	8	1412	0	275.488331	0
263	emt0.11.1.train_K8.ea4d0b9ea42c11eca965a4c3f04f704a	gmtkEMtrain	8	1355	0	276.53875	0
264	emt0.11.2.train_K8.ea4d0b9ea42c11eca965a4c3f04f704a	gmtkEMtrain	8	1349	0	277.620453	0
265	emt0.11.3.train_K8.ea4d0b9ea42c11eca965a4c3f04f704a	gmtkEMtrain	8	1339	0	278.639097	0
266	emt0.11.4.train_K8.ea4d0b9ea42c11eca965a4c3f04f704a	gmtkEMtrain	8	962	0	279.606675	0
267	emt0.11.7.train_K8.ea4d0b9ea42c11eca965a4c3f04f704a	gmtkEMtrain	8	902	0	280.604293	0
268	emt0.11.5.train_K8.ea4d0b9ea42c11eca965a4c3f04f704a	gmtkEMtrain	8	883	0	281.573018	0
269	emt0.11.6.train_K8.ea4d0b9ea42c11eca965a4c3f04f704a	gmtkEMtrain	8	825	0	282.58088499999997	0
270	emt0.11.8.train_K8.ea4d0b9ea42c11eca965a4c3f04f704a	gmtkEMtrain	8	812	0	283.383215	0
271	emt0.11.9.train_K8.ea4d0b9ea42c11eca965a4c3f04f704a	gmtkEMtrain	8	781	0	284.376867	0
272	emt0.11.12.train_K8.ea4d0b9ea42c11eca965a4c3f04f704a	gmtkEMtrain	8	630	0	285.316406	0
273	emt0.11.10.train_K8.ea4d0b9ea42c11eca965a4c3f04f704a	gmtkEMtrain	8	591	0	286.230371	0
274	emt0.11.13.train_K8.ea4d0b9ea42c11eca965a4c3f04f704a	gmtkEMtrain	8	388	0	287.092902	0
275	emt0.11.14.train_K8.ea4d0b9ea42c11eca965a4c3f04f704a	gmtkEMtrain	8	353	0	287.993096	0
276	emt0.11.bundle.train_K8.ea4d0b9ea42c11eca965a4c3f04f704a	gmtkEMtrain	8	0	0	288.793766	0
277	emt0.12.0.train_K8.ea4d0b9ea42c11eca965a4c3f04f704a	gmtkEMtrain	8	2488	0	290.136459	0
278	emt0.12.11.train_K8.ea4d0b9ea42c11eca965a4c3f04f704a	gmtkEMtrain	8	2431	0	291.444676	0
279	emt0.12.15.train_K8.ea4d0b9ea42c11eca965a4c3f04f704a	gmtkEMtrain	8	1979	0	292.542258	0
280	emt0.12.16.train_K8.ea4d0b9ea42c11eca965a4c3f04f704a	gmtkEMtrain	8	1911	0	293.72918	0
281	emt0.12.17.train_K8.ea4d0b9ea42c11eca965a4c3f04f704a	gmtkEMtrain	8	1808	0	294.962391	0
282	emt0.12.18.train_K8.ea4d0b9ea42c11eca965a4c3f04f704a	gmtkEMtrain	8	1708	0	296.141325	0
283	emt0.12.19.train_K8.ea4d0b9ea42c11eca965a4c3f04f704a	gmtkEMtrain	8	1592	0	297.272281	0
284	emt0.12.20.train_K8.ea4d0b9ea42c11eca965a4c3f04f704a	gmtkEMtrain	8	1463	0	298.449951	0
285	emt0.12.21.train_K8.ea4d0b9ea42c11eca965a4c3f04f704a	gmtkEMtrain	8	1412	0	299.620464	0
286	emt0.12.1.train_K8.ea4d0b9ea42c11eca965a4c3f04f704a	gmtkEMtrain	8	1355	0	300.791551	0
287	emt0.12.2.train_K8.ea4d0b9ea42c11eca965a4c3f04f704a	gmtkEMtrain	8	1349	0	301.96107099999995	0
288	emt0.12.3.train_K8.ea4d0b9ea42c11eca965a4c3f04f704a	gmtkEMtrain	8	1339	0	303.063806	0
289	emt0.12.4.train_K8.ea4d0b9ea42c11eca965a4c3f04f704a	gmtkEMtrain	8	962	0	304.096558	0
290	emt0.12.7.train_K8.ea4d0b9ea42c11eca965a4c3f04f704a	gmtkEMtrain	8	902	0	305.158567	0
291	emt0.12.5.train_K8.ea4d0b9ea42c11eca965a4c3f04f704a	gmtkEMtrain	8	883	0	306.178185	0
292	emt0.12.6.train_K8.ea4d0b9ea42c11eca965a4c3f04f704a	gmtkEMtrain	8	825	0	307.248075	0
293	emt0.12.8.train_K8.ea4d0b9ea42c11eca965a4c3f04f704a	gmtkEMtrain	8	812	0	308.288771	0
294	emt0.12.9.train_K8.ea4d0b9ea42c11eca965a4c3f04f704a	gmtkEMtrain	8	781	0	309.308033	0
295	emt0.12.12.train_K8.ea4d0b9ea42c11eca965a4c3f04f704a	gmtkEMtrain	8	630	0	310.350417	0
296	emt0.12.10.train_K8.ea4d0b9ea42c11eca965a4c3f04f704a	gmtkEMtrain	8	591	0	311.324152	0
297	emt0.12.13.train_K8.ea4d0b9ea42c11eca965a4c3f04f704a	gmtkEMtrain	8	388	0	312.32388000000003	0
298	emt0.12.14.train_K8.ea4d0b9ea42c11eca965a4c3f04f704a	gmtkEMtrain	8	353	0	313.149317	0
299	emt0.12.bundle.train_K8.ea4d0b9ea42c11eca965a4c3f04f704a	gmtkEMtrain	8	0	0	313.639805	0
300	emt0.13.0.train_K8.ea4d0b9ea42c11eca965a4c3f04f704a	gmtkEMtrain	8	2488	0	314.94747800000005	0
301	emt0.13.11.train_K8.ea4d0b9ea42c11eca965a4c3f04f704a	gmtkEMtrain	8	2431	0	316.244665	0
302	emt0.13.15.train_K8.ea4d0b9ea42c11eca965a4c3f04f704a	gmtkEMtrain	8	1979	0	317.418161	0
303	emt0.13.16.train_K8.ea4d0b9ea42c11eca965a4c3f04f704a	gmtkEMtrain	8	1911	0	318.641299	0
304	emt0.13.17.train_K8.ea4d0b9ea42c11eca965a4c3f04f704a	gmtkEMtrain	8	1808	0	319.84390599999995	0
305	emt0.13.18.train_K8.ea4d0b9ea42c11eca965a4c3f04f704a	gmtkEMtrain	8	1708	0	321.007765	0
306	emt0.13.19.train_K8.ea4d0b9ea42c11eca965a4c3f04f704a	gmtkEMtrain	8	1592	0	322.159694	0
307	emt0.13.20.train_K8.ea4d0b9ea42c11eca965a4c3f04f704a	gmtkEMtrain	8	1463	0	323.287038	0
308	emt0.13.21.train_K8.ea4d0b9ea42c11eca965a4c3f04f704a	gmtkEMtrain	8	1412	0	324.41846100000004	0
309	emt0.13.1.train_K8.ea4d0b9ea42c11eca965a4c3f04f704a	gmtkEMtrain	8	1355	0	325.50444699999997	0
310	emt0.13.2.train_K8.ea4d0b9ea42c11eca965a4c3f04f704a	gmtkEMtrain	8	1349	0	326.595595	0
311	emt0.13.3.train_K8.ea4d0b9ea42c11eca965a4c3f04f704a	gmtkEMtrain	8	1339	0	327.676621	0
312	emt0.13.4.train_K8.ea4d0b9ea42c11eca965a4c3f04f704a	gmtkEMtrain	8	962	0	328.64338300000003	0
313	emt0.13.7.train_K8.ea4d0b9ea42c11eca965a4c3f04f704a	gmtkEMtrain	8	902	0	329.617531	0
314	emt0.13.5.train_K8.ea4d0b9ea42c11eca965a4c3f04f704a	gmtkEMtrain	8	883	0	330.596983	0
315	emt0.13.6.train_K8.ea4d0b9ea42c11eca965a4c3f04f704a	gmtkEMtrain	8	825	0	331.574217	0
316	emt0.13.8.train_K8.ea4d0b9ea42c11eca965a4c3f04f704a	gmtkEMtrain	8	812	0	332.575127	0
317	emt0.13.9.train_K8.ea4d0b9ea42c11eca965a4c3f04f704a	gmtkEMtrain	8	781	0	333.527209	0
318	emt0.13.12.train_K8.ea4d0b9ea42c11eca965a4c3f04f704a	gmtkEMtrain	8	630	0	334.480342	0
319	emt0.13.10.train_K8.ea4d0b9ea42c11eca965a4c3f04f704a	gmtkEMtrain	8	591	0	335.43584400000003	0
320	emt0.13.13.train_K8.ea4d0b9ea42c11eca965a4c3f04f704a	gmtkEMtrain	8	388	0	336.32994899999994	0
321	emt0.13.14.train_K8.ea4d0b9ea42c11eca965a4c3f04f704a	gmtkEMtrain	8	353	0	337.21717700000005	0
322	emt0.13.bundle.train_K8.ea4d0b9ea42c11eca965a4c3f04f704a	gmtkEMtrain	8	0	0	337.80607599999996	0
324	emt0.14.11.train_K8.ea4d0b9ea42c11eca965a4c3f04f704a	gmtkEMtrain	8	2431	0	339.125482	0
325	emt0.14.15.train_K8.ea4d0b9ea42c11eca965a4c3f04f704a	gmtkEMtrain	8	1979	0	340.372108	0
326	emt0.14.16.train_K8.ea4d0b9ea42c11eca965a4c3f04f704a	gmtkEMtrain	8	1911	0	341.512034	0
327	emt0.14.17.train_K8.ea4d0b9ea42c11eca965a4c3f04f704a	gmtkEMtrain	8	1808	0	342.665321	0
328	emt0.14.18.train_K8.ea4d0b9ea42c11eca965a4c3f04f704a	gmtkEMtrain	8	1708	0	343.65721699999995	0
329	emt0.14.19.train_K8.ea4d0b9ea42c11eca965a4c3f04f704a	gmtkEMtrain	8	1592	0	344.87674	0
330	emt0.14.20.train_K8.ea4d0b9ea42c11eca965a4c3f04f704a	gmtkEMtrain	8	1463	0	346.03902700000003	0
331	emt0.14.21.train_K8.ea4d0b9ea42c11eca965a4c3f04f704a	gmtkEMtrain	8	1412	0	346.933982	0
332	emt0.14.1.train_K8.ea4d0b9ea42c11eca965a4c3f04f704a	gmtkEMtrain	8	1355	0	348.061422	0
333	emt0.14.2.train_K8.ea4d0b9ea42c11eca965a4c3f04f704a	gmtkEMtrain	8	1349	0	349.07162600000004	0
334	emt0.14.3.train_K8.ea4d0b9ea42c11eca965a4c3f04f704a	gmtkEMtrain	8	1339	0	350.19543500000003	0
335	emt0.14.4.train_K8.ea4d0b9ea42c11eca965a4c3f04f704a	gmtkEMtrain	8	962	0	351.162627	0
336	emt0.14.7.train_K8.ea4d0b9ea42c11eca965a4c3f04f704a	gmtkEMtrain	8	902	0	352.227433	0
337	emt0.14.5.train_K8.ea4d0b9ea42c11eca965a4c3f04f704a	gmtkEMtrain	8	883	0	353.172785	0
338	emt0.14.6.train_K8.ea4d0b9ea42c11eca965a4c3f04f704a	gmtkEMtrain	8	825	0	354.191089	0
339	emt0.14.8.train_K8.ea4d0b9ea42c11eca965a4c3f04f704a	gmtkEMtrain	8	812	0	355.106638	0
340	emt0.14.9.train_K8.ea4d0b9ea42c11eca965a4c3f04f704a	gmtkEMtrain	8	781	0	356.041974	0
341	emt0.14.12.train_K8.ea4d0b9ea42c11eca965a4c3f04f704a	gmtkEMtrain	8	630	0	356.91753	0
342	emt0.14.10.train_K8.ea4d0b9ea42c11eca965a4c3f04f704a	gmtkEMtrain	8	591	0	357.790679	0
343	emt0.14.13.train_K8.ea4d0b9ea42c11eca965a4c3f04f704a	gmtkEMtrain	8	388	0	358.67245399999996	0
344	emt0.14.14.train_K8.ea4d0b9ea42c11eca965a4c3f04f704a	gmtkEMtrain	8	353	0	359.52988	0
323	emt0.14.0.train_K8.ea4d0b9ea42c11eca965a4c3f04f704a	gmtkEMtrain	8	2488	0	360.69137	0
345	emt0.14.bundle.train_K8.ea4d0b9ea42c11eca965a4c3f04f704a	gmtkEMtrain	8	0	0	361.272703	0
346	emt0.15.0.train_K8.ea4d0b9ea42c11eca965a4c3f04f704a	gmtkEMtrain	8	2488	0	362.538663	0
347	emt0.15.11.train_K8.ea4d0b9ea42c11eca965a4c3f04f704a	gmtkEMtrain	8	2431	0	363.74395599999997	0
348	emt0.15.15.train_K8.ea4d0b9ea42c11eca965a4c3f04f704a	gmtkEMtrain	8	1979	0	364.925992	0
349	emt0.15.16.train_K8.ea4d0b9ea42c11eca965a4c3f04f704a	gmtkEMtrain	8	1911	0	366.087845	0
350	emt0.15.17.train_K8.ea4d0b9ea42c11eca965a4c3f04f704a	gmtkEMtrain	8	1808	0	367.192141	0
351	emt0.15.18.train_K8.ea4d0b9ea42c11eca965a4c3f04f704a	gmtkEMtrain	8	1708	0	368.331186	0
352	emt0.15.19.train_K8.ea4d0b9ea42c11eca965a4c3f04f704a	gmtkEMtrain	8	1592	0	369.39328800000004	0
353	emt0.15.20.train_K8.ea4d0b9ea42c11eca965a4c3f04f704a	gmtkEMtrain	8	1463	0	370.510756	0
354	emt0.15.21.train_K8.ea4d0b9ea42c11eca965a4c3f04f704a	gmtkEMtrain	8	1412	0	371.58473000000004	0
355	emt0.15.1.train_K8.ea4d0b9ea42c11eca965a4c3f04f704a	gmtkEMtrain	8	1355	0	372.65369400000003	0
356	emt0.15.2.train_K8.ea4d0b9ea42c11eca965a4c3f04f704a	gmtkEMtrain	8	1349	0	373.70887100000004	0
357	emt0.15.3.train_K8.ea4d0b9ea42c11eca965a4c3f04f704a	gmtkEMtrain	8	1339	0	374.80144	0
358	emt0.15.4.train_K8.ea4d0b9ea42c11eca965a4c3f04f704a	gmtkEMtrain	8	962	0	375.805342	0
359	emt0.15.7.train_K8.ea4d0b9ea42c11eca965a4c3f04f704a	gmtkEMtrain	8	902	0	376.898241	0
360	emt0.15.5.train_K8.ea4d0b9ea42c11eca965a4c3f04f704a	gmtkEMtrain	8	883	0	377.859461	0
361	emt0.15.6.train_K8.ea4d0b9ea42c11eca965a4c3f04f704a	gmtkEMtrain	8	825	0	378.73819199999997	0
362	emt0.15.8.train_K8.ea4d0b9ea42c11eca965a4c3f04f704a	gmtkEMtrain	8	812	0	379.670543	0
363	emt0.15.9.train_K8.ea4d0b9ea42c11eca965a4c3f04f704a	gmtkEMtrain	8	781	0	380.670064	0
364	emt0.15.12.train_K8.ea4d0b9ea42c11eca965a4c3f04f704a	gmtkEMtrain	8	630	0	381.556418	0
365	emt0.15.10.train_K8.ea4d0b9ea42c11eca965a4c3f04f704a	gmtkEMtrain	8	591	0	382.457875	0
366	emt0.15.13.train_K8.ea4d0b9ea42c11eca965a4c3f04f704a	gmtkEMtrain	8	388	0	383.33651699999996	0
367	emt0.15.14.train_K8.ea4d0b9ea42c11eca965a4c3f04f704a	gmtkEMtrain	8	353	0	384.238559	0
368	emt0.15.bundle.train_K8.ea4d0b9ea42c11eca965a4c3f04f704a	gmtkEMtrain	8	0	0	384.840093	0
369	emt0.16.0.train_K8.ea4d0b9ea42c11eca965a4c3f04f704a	gmtkEMtrain	8	2488	0	386.16320099999996	0
370	emt0.16.11.train_K8.ea4d0b9ea42c11eca965a4c3f04f704a	gmtkEMtrain	8	2431	0	387.42504399999996	0
371	emt0.16.15.train_K8.ea4d0b9ea42c11eca965a4c3f04f704a	gmtkEMtrain	8	1979	0	388.537462	0
372	emt0.16.16.train_K8.ea4d0b9ea42c11eca965a4c3f04f704a	gmtkEMtrain	8	1911	0	389.670659	0
373	emt0.16.17.train_K8.ea4d0b9ea42c11eca965a4c3f04f704a	gmtkEMtrain	8	1808	0	390.791117	0
374	emt0.16.18.train_K8.ea4d0b9ea42c11eca965a4c3f04f704a	gmtkEMtrain	8	1708	0	391.906606	0
375	emt0.16.19.train_K8.ea4d0b9ea42c11eca965a4c3f04f704a	gmtkEMtrain	8	1592	0	392.994682	0
376	emt0.16.20.train_K8.ea4d0b9ea42c11eca965a4c3f04f704a	gmtkEMtrain	8	1463	0	394.05066	0
377	emt0.16.21.train_K8.ea4d0b9ea42c11eca965a4c3f04f704a	gmtkEMtrain	8	1412	0	395.071999	0
378	emt0.16.1.train_K8.ea4d0b9ea42c11eca965a4c3f04f704a	gmtkEMtrain	8	1355	0	396.095148	0
379	emt0.16.2.train_K8.ea4d0b9ea42c11eca965a4c3f04f704a	gmtkEMtrain	8	1349	0	397.129232	0
380	emt0.16.3.train_K8.ea4d0b9ea42c11eca965a4c3f04f704a	gmtkEMtrain	8	1339	0	398.060949	0
381	emt0.16.4.train_K8.ea4d0b9ea42c11eca965a4c3f04f704a	gmtkEMtrain	8	962	0	399.00796099999997	0
382	emt0.16.7.train_K8.ea4d0b9ea42c11eca965a4c3f04f704a	gmtkEMtrain	8	902	0	399.9701	0
383	emt0.16.5.train_K8.ea4d0b9ea42c11eca965a4c3f04f704a	gmtkEMtrain	8	883	0	400.884654	0
384	emt0.16.6.train_K8.ea4d0b9ea42c11eca965a4c3f04f704a	gmtkEMtrain	8	825	0	401.87719599999997	0
385	emt0.16.8.train_K8.ea4d0b9ea42c11eca965a4c3f04f704a	gmtkEMtrain	8	812	0	402.86774499999996	0
386	emt0.16.9.train_K8.ea4d0b9ea42c11eca965a4c3f04f704a	gmtkEMtrain	8	781	0	403.833911	0
387	emt0.16.12.train_K8.ea4d0b9ea42c11eca965a4c3f04f704a	gmtkEMtrain	8	630	0	404.705766	0
388	emt0.16.10.train_K8.ea4d0b9ea42c11eca965a4c3f04f704a	gmtkEMtrain	8	591	0	405.593392	0
389	emt0.16.13.train_K8.ea4d0b9ea42c11eca965a4c3f04f704a	gmtkEMtrain	8	388	0	406.398017	0
390	emt0.16.14.train_K8.ea4d0b9ea42c11eca965a4c3f04f704a	gmtkEMtrain	8	353	0	407.216659	0
391	emt0.16.bundle.train_K8.ea4d0b9ea42c11eca965a4c3f04f704a	gmtkEMtrain	8	0	0	407.849916	0
392	emt0.17.0.train_K8.ea4d0b9ea42c11eca965a4c3f04f704a	gmtkEMtrain	8	2488	0	409.12205900000004	0
393	emt0.17.11.train_K8.ea4d0b9ea42c11eca965a4c3f04f704a	gmtkEMtrain	8	2431	0	410.406471	0
394	emt0.17.15.train_K8.ea4d0b9ea42c11eca965a4c3f04f704a	gmtkEMtrain	8	1979	0	411.514574	0
395	emt0.17.16.train_K8.ea4d0b9ea42c11eca965a4c3f04f704a	gmtkEMtrain	8	1911	0	412.59840399999996	0
396	emt0.17.17.train_K8.ea4d0b9ea42c11eca965a4c3f04f704a	gmtkEMtrain	8	1808	0	413.800299	0
397	emt0.17.18.train_K8.ea4d0b9ea42c11eca965a4c3f04f704a	gmtkEMtrain	8	1708	0	414.97998800000005	0
398	emt0.17.19.train_K8.ea4d0b9ea42c11eca965a4c3f04f704a	gmtkEMtrain	8	1592	0	416.136142	0
399	emt0.17.20.train_K8.ea4d0b9ea42c11eca965a4c3f04f704a	gmtkEMtrain	8	1463	0	417.099812	0
400	emt0.17.21.train_K8.ea4d0b9ea42c11eca965a4c3f04f704a	gmtkEMtrain	8	1412	0	418.177822	0
401	emt0.17.1.train_K8.ea4d0b9ea42c11eca965a4c3f04f704a	gmtkEMtrain	8	1355	0	419.097654	0
402	emt0.17.2.train_K8.ea4d0b9ea42c11eca965a4c3f04f704a	gmtkEMtrain	8	1349	0	420.147051	0
403	emt0.17.3.train_K8.ea4d0b9ea42c11eca965a4c3f04f704a	gmtkEMtrain	8	1339	0	421.199271	0
404	emt0.17.4.train_K8.ea4d0b9ea42c11eca965a4c3f04f704a	gmtkEMtrain	8	962	0	422.21139500000004	0
405	emt0.17.7.train_K8.ea4d0b9ea42c11eca965a4c3f04f704a	gmtkEMtrain	8	902	0	423.167486	0
406	emt0.17.5.train_K8.ea4d0b9ea42c11eca965a4c3f04f704a	gmtkEMtrain	8	883	0	424.12886000000003	0
407	emt0.17.6.train_K8.ea4d0b9ea42c11eca965a4c3f04f704a	gmtkEMtrain	8	825	0	425.095479	0
408	emt0.17.8.train_K8.ea4d0b9ea42c11eca965a4c3f04f704a	gmtkEMtrain	8	812	0	426.049173	0
409	emt0.17.9.train_K8.ea4d0b9ea42c11eca965a4c3f04f704a	gmtkEMtrain	8	781	0	426.971708	0
410	emt0.17.12.train_K8.ea4d0b9ea42c11eca965a4c3f04f704a	gmtkEMtrain	8	630	0	427.881852	0
411	emt0.17.10.train_K8.ea4d0b9ea42c11eca965a4c3f04f704a	gmtkEMtrain	8	591	0	428.788115	0
412	emt0.17.13.train_K8.ea4d0b9ea42c11eca965a4c3f04f704a	gmtkEMtrain	8	388	0	429.625051	0
413	emt0.17.14.train_K8.ea4d0b9ea42c11eca965a4c3f04f704a	gmtkEMtrain	8	353	0	430.567398	0
414	emt0.17.bundle.train_K8.ea4d0b9ea42c11eca965a4c3f04f704a	gmtkEMtrain	8	0	0	431.097402	0
415	emt0.18.0.train_K8.ea4d0b9ea42c11eca965a4c3f04f704a	gmtkEMtrain	8	2488	0	432.361575	0
416	emt0.18.11.train_K8.ea4d0b9ea42c11eca965a4c3f04f704a	gmtkEMtrain	8	2431	0	433.60376699999995	0
417	emt0.18.15.train_K8.ea4d0b9ea42c11eca965a4c3f04f704a	gmtkEMtrain	8	1979	0	434.765738	0
418	emt0.18.16.train_K8.ea4d0b9ea42c11eca965a4c3f04f704a	gmtkEMtrain	8	1911	0	435.95822999999996	0
419	emt0.18.17.train_K8.ea4d0b9ea42c11eca965a4c3f04f704a	gmtkEMtrain	8	1808	0	437.127636	0
420	emt0.18.18.train_K8.ea4d0b9ea42c11eca965a4c3f04f704a	gmtkEMtrain	8	1708	0	438.25896	0
421	emt0.18.19.train_K8.ea4d0b9ea42c11eca965a4c3f04f704a	gmtkEMtrain	8	1592	0	439.362055	0
422	emt0.18.20.train_K8.ea4d0b9ea42c11eca965a4c3f04f704a	gmtkEMtrain	8	1463	0	440.46407700000003	0
423	emt0.18.21.train_K8.ea4d0b9ea42c11eca965a4c3f04f704a	gmtkEMtrain	8	1412	0	441.52378899999997	0
424	emt0.18.1.train_K8.ea4d0b9ea42c11eca965a4c3f04f704a	gmtkEMtrain	8	1355	0	442.577075	0
425	emt0.18.2.train_K8.ea4d0b9ea42c11eca965a4c3f04f704a	gmtkEMtrain	8	1349	0	443.609361	0
426	emt0.18.3.train_K8.ea4d0b9ea42c11eca965a4c3f04f704a	gmtkEMtrain	8	1339	0	444.727937	0
427	emt0.18.4.train_K8.ea4d0b9ea42c11eca965a4c3f04f704a	gmtkEMtrain	8	962	0	445.72472899999997	0
428	emt0.18.7.train_K8.ea4d0b9ea42c11eca965a4c3f04f704a	gmtkEMtrain	8	902	0	446.686667	0
429	emt0.18.5.train_K8.ea4d0b9ea42c11eca965a4c3f04f704a	gmtkEMtrain	8	883	0	447.667575	0
430	emt0.18.6.train_K8.ea4d0b9ea42c11eca965a4c3f04f704a	gmtkEMtrain	8	825	0	448.639257	0
431	emt0.18.8.train_K8.ea4d0b9ea42c11eca965a4c3f04f704a	gmtkEMtrain	8	812	0	449.43676200000004	0
432	emt0.18.9.train_K8.ea4d0b9ea42c11eca965a4c3f04f704a	gmtkEMtrain	8	781	0	450.41112499999997	0
433	emt0.18.12.train_K8.ea4d0b9ea42c11eca965a4c3f04f704a	gmtkEMtrain	8	630	0	451.332683	0
434	emt0.18.10.train_K8.ea4d0b9ea42c11eca965a4c3f04f704a	gmtkEMtrain	8	591	0	452.09647800000005	0
435	emt0.18.13.train_K8.ea4d0b9ea42c11eca965a4c3f04f704a	gmtkEMtrain	8	388	0	452.841978	0
436	emt0.18.14.train_K8.ea4d0b9ea42c11eca965a4c3f04f704a	gmtkEMtrain	8	353	0	453.595907	0
437	emt0.18.bundle.train_K8.ea4d0b9ea42c11eca965a4c3f04f704a	gmtkEMtrain	8	0	0	454.203303	0
438	emt0.19.0.train_K8.ea4d0b9ea42c11eca965a4c3f04f704a	gmtkEMtrain	8	2488	0	455.42384200000004	0
439	emt0.19.11.train_K8.ea4d0b9ea42c11eca965a4c3f04f704a	gmtkEMtrain	8	2431	0	456.670432	0
440	emt0.19.15.train_K8.ea4d0b9ea42c11eca965a4c3f04f704a	gmtkEMtrain	8	1979	0	457.811443	0
441	emt0.19.16.train_K8.ea4d0b9ea42c11eca965a4c3f04f704a	gmtkEMtrain	8	1911	0	458.935342	0
442	emt0.19.17.train_K8.ea4d0b9ea42c11eca965a4c3f04f704a	gmtkEMtrain	8	1808	0	460.055292	0
443	emt0.19.18.train_K8.ea4d0b9ea42c11eca965a4c3f04f704a	gmtkEMtrain	8	1708	0	461.18992399999996	0
444	emt0.19.19.train_K8.ea4d0b9ea42c11eca965a4c3f04f704a	gmtkEMtrain	8	1592	0	462.34323900000004	0
445	emt0.19.20.train_K8.ea4d0b9ea42c11eca965a4c3f04f704a	gmtkEMtrain	8	1463	0	463.29549699999995	0
446	emt0.19.21.train_K8.ea4d0b9ea42c11eca965a4c3f04f704a	gmtkEMtrain	8	1412	0	464.36732099999995	0
447	emt0.19.1.train_K8.ea4d0b9ea42c11eca965a4c3f04f704a	gmtkEMtrain	8	1355	0	465.474813	0
448	emt0.19.2.train_K8.ea4d0b9ea42c11eca965a4c3f04f704a	gmtkEMtrain	8	1349	0	466.590801	0
449	emt0.19.3.train_K8.ea4d0b9ea42c11eca965a4c3f04f704a	gmtkEMtrain	8	1339	0	467.623976	0
450	emt0.19.4.train_K8.ea4d0b9ea42c11eca965a4c3f04f704a	gmtkEMtrain	8	962	0	468.593609	0
451	emt0.19.7.train_K8.ea4d0b9ea42c11eca965a4c3f04f704a	gmtkEMtrain	8	902	0	469.526525	0
452	emt0.19.5.train_K8.ea4d0b9ea42c11eca965a4c3f04f704a	gmtkEMtrain	8	883	0	470.498808	0
453	emt0.19.6.train_K8.ea4d0b9ea42c11eca965a4c3f04f704a	gmtkEMtrain	8	825	0	471.475154	0
454	emt0.19.8.train_K8.ea4d0b9ea42c11eca965a4c3f04f704a	gmtkEMtrain	8	812	0	472.404086	0
455	emt0.19.9.train_K8.ea4d0b9ea42c11eca965a4c3f04f704a	gmtkEMtrain	8	781	0	473.375616	0
456	emt0.19.12.train_K8.ea4d0b9ea42c11eca965a4c3f04f704a	gmtkEMtrain	8	630	0	474.30018900000005	0
457	emt0.19.10.train_K8.ea4d0b9ea42c11eca965a4c3f04f704a	gmtkEMtrain	8	591	0	475.077624	0
458	emt0.19.13.train_K8.ea4d0b9ea42c11eca965a4c3f04f704a	gmtkEMtrain	8	388	0	475.999379	0
459	emt0.19.14.train_K8.ea4d0b9ea42c11eca965a4c3f04f704a	gmtkEMtrain	8	353	0	476.880201	0
460	emt0.19.bundle.train_K8.ea4d0b9ea42c11eca965a4c3f04f704a	gmtkEMtrain	8	0	0	477.46705399999996	0
461	emt0.20.0.train_K8.ea4d0b9ea42c11eca965a4c3f04f704a	gmtkEMtrain	8	2488	0	478.74129800000003	0
462	emt0.20.11.train_K8.ea4d0b9ea42c11eca965a4c3f04f704a	gmtkEMtrain	8	2431	0	480.00628600000005	0
463	emt0.20.15.train_K8.ea4d0b9ea42c11eca965a4c3f04f704a	gmtkEMtrain	8	1979	0	481.169422	0
464	emt0.20.16.train_K8.ea4d0b9ea42c11eca965a4c3f04f704a	gmtkEMtrain	8	1911	0	482.296855	0
465	emt0.20.17.train_K8.ea4d0b9ea42c11eca965a4c3f04f704a	gmtkEMtrain	8	1808	0	483.471686	0
466	emt0.20.18.train_K8.ea4d0b9ea42c11eca965a4c3f04f704a	gmtkEMtrain	8	1708	0	484.621902	0
467	emt0.20.19.train_K8.ea4d0b9ea42c11eca965a4c3f04f704a	gmtkEMtrain	8	1592	0	485.709088	0
468	emt0.20.20.train_K8.ea4d0b9ea42c11eca965a4c3f04f704a	gmtkEMtrain	8	1463	0	486.83976199999995	0
469	emt0.20.21.train_K8.ea4d0b9ea42c11eca965a4c3f04f704a	gmtkEMtrain	8	1412	0	487.925526	0
470	emt0.20.1.train_K8.ea4d0b9ea42c11eca965a4c3f04f704a	gmtkEMtrain	8	1355	0	488.982747	0
471	emt0.20.2.train_K8.ea4d0b9ea42c11eca965a4c3f04f704a	gmtkEMtrain	8	1349	0	490.09515	0
472	emt0.20.3.train_K8.ea4d0b9ea42c11eca965a4c3f04f704a	gmtkEMtrain	8	1339	0	491.126699	0
473	emt0.20.4.train_K8.ea4d0b9ea42c11eca965a4c3f04f704a	gmtkEMtrain	8	962	0	492.11494899999997	0
474	emt0.20.7.train_K8.ea4d0b9ea42c11eca965a4c3f04f704a	gmtkEMtrain	8	902	0	493.05596	0
475	emt0.20.5.train_K8.ea4d0b9ea42c11eca965a4c3f04f704a	gmtkEMtrain	8	883	0	493.894267	0
476	emt0.20.6.train_K8.ea4d0b9ea42c11eca965a4c3f04f704a	gmtkEMtrain	8	825	0	494.880312	0
477	emt0.20.8.train_K8.ea4d0b9ea42c11eca965a4c3f04f704a	gmtkEMtrain	8	812	0	495.87165999999996	0
478	emt0.20.9.train_K8.ea4d0b9ea42c11eca965a4c3f04f704a	gmtkEMtrain	8	781	0	496.80762400000003	0
479	emt0.20.12.train_K8.ea4d0b9ea42c11eca965a4c3f04f704a	gmtkEMtrain	8	630	0	497.64771099999996	0
480	emt0.20.10.train_K8.ea4d0b9ea42c11eca965a4c3f04f704a	gmtkEMtrain	8	591	0	498.58945900000003	0
481	emt0.20.13.train_K8.ea4d0b9ea42c11eca965a4c3f04f704a	gmtkEMtrain	8	388	0	499.467714	0
482	emt0.20.14.train_K8.ea4d0b9ea42c11eca965a4c3f04f704a	gmtkEMtrain	8	353	0	500.38060299999995	0
483	emt0.20.bundle.train_K8.ea4d0b9ea42c11eca965a4c3f04f704a	gmtkEMtrain	8	0	0	500.926416	0
484	emt0.21.0.train_K8.ea4d0b9ea42c11eca965a4c3f04f704a	gmtkEMtrain	8	2488	0	502.084995	0
485	emt0.21.11.train_K8.ea4d0b9ea42c11eca965a4c3f04f704a	gmtkEMtrain	8	2431	0	503.287074	0
486	emt0.21.15.train_K8.ea4d0b9ea42c11eca965a4c3f04f704a	gmtkEMtrain	8	1979	0	504.352237	0
487	emt0.21.16.train_K8.ea4d0b9ea42c11eca965a4c3f04f704a	gmtkEMtrain	8	1911	0	505.423755	0
488	emt0.21.17.train_K8.ea4d0b9ea42c11eca965a4c3f04f704a	gmtkEMtrain	8	1808	0	506.568792	0
489	emt0.21.18.train_K8.ea4d0b9ea42c11eca965a4c3f04f704a	gmtkEMtrain	8	1708	0	507.49868000000004	0
490	emt0.21.19.train_K8.ea4d0b9ea42c11eca965a4c3f04f704a	gmtkEMtrain	8	1592	0	508.532131	0
491	emt0.21.20.train_K8.ea4d0b9ea42c11eca965a4c3f04f704a	gmtkEMtrain	8	1463	0	509.57223	0
492	emt0.21.21.train_K8.ea4d0b9ea42c11eca965a4c3f04f704a	gmtkEMtrain	8	1412	0	510.54644	0
493	emt0.21.1.train_K8.ea4d0b9ea42c11eca965a4c3f04f704a	gmtkEMtrain	8	1355	0	511.489693	0
494	emt0.21.2.train_K8.ea4d0b9ea42c11eca965a4c3f04f704a	gmtkEMtrain	8	1349	0	512.455365	0
495	emt0.21.3.train_K8.ea4d0b9ea42c11eca965a4c3f04f704a	gmtkEMtrain	8	1339	0	513.412489	0
496	emt0.21.4.train_K8.ea4d0b9ea42c11eca965a4c3f04f704a	gmtkEMtrain	8	962	0	514.276258	0
497	emt0.21.7.train_K8.ea4d0b9ea42c11eca965a4c3f04f704a	gmtkEMtrain	8	902	0	515.152637	0
498	emt0.21.5.train_K8.ea4d0b9ea42c11eca965a4c3f04f704a	gmtkEMtrain	8	883	0	516.0772830000001	0
499	emt0.21.6.train_K8.ea4d0b9ea42c11eca965a4c3f04f704a	gmtkEMtrain	8	825	0	516.957829	0
500	emt0.21.8.train_K8.ea4d0b9ea42c11eca965a4c3f04f704a	gmtkEMtrain	8	812	0	517.809795	0
501	emt0.21.9.train_K8.ea4d0b9ea42c11eca965a4c3f04f704a	gmtkEMtrain	8	781	0	518.694721	0
502	emt0.21.12.train_K8.ea4d0b9ea42c11eca965a4c3f04f704a	gmtkEMtrain	8	630	0	519.500121	0
503	emt0.21.10.train_K8.ea4d0b9ea42c11eca965a4c3f04f704a	gmtkEMtrain	8	591	0	520.25655	0
504	emt0.21.13.train_K8.ea4d0b9ea42c11eca965a4c3f04f704a	gmtkEMtrain	8	388	0	521.03684	0
505	emt0.21.14.train_K8.ea4d0b9ea42c11eca965a4c3f04f704a	gmtkEMtrain	8	353	0	521.939779	0
506	emt0.21.bundle.train_K8.ea4d0b9ea42c11eca965a4c3f04f704a	gmtkEMtrain	8	0	0	522.530403	0
507	emt0.22.0.train_K8.ea4d0b9ea42c11eca965a4c3f04f704a	gmtkEMtrain	8	2488	0	523.64359	0
508	emt0.22.11.train_K8.ea4d0b9ea42c11eca965a4c3f04f704a	gmtkEMtrain	8	2431	0	524.730094	0
509	emt0.22.15.train_K8.ea4d0b9ea42c11eca965a4c3f04f704a	gmtkEMtrain	8	1979	0	525.755	0
510	emt0.22.16.train_K8.ea4d0b9ea42c11eca965a4c3f04f704a	gmtkEMtrain	8	1911	0	526.797511	0
511	emt0.22.17.train_K8.ea4d0b9ea42c11eca965a4c3f04f704a	gmtkEMtrain	8	1808	0	527.78406	0
512	emt0.22.18.train_K8.ea4d0b9ea42c11eca965a4c3f04f704a	gmtkEMtrain	8	1708	0	528.83659	0
513	emt0.22.19.train_K8.ea4d0b9ea42c11eca965a4c3f04f704a	gmtkEMtrain	8	1592	0	529.752466	0
514	emt0.22.20.train_K8.ea4d0b9ea42c11eca965a4c3f04f704a	gmtkEMtrain	8	1463	0	530.665336	0
515	emt0.22.21.train_K8.ea4d0b9ea42c11eca965a4c3f04f704a	gmtkEMtrain	8	1412	0	531.524035	0
516	emt0.22.1.train_K8.ea4d0b9ea42c11eca965a4c3f04f704a	gmtkEMtrain	8	1355	0	532.388471	0
517	emt0.22.2.train_K8.ea4d0b9ea42c11eca965a4c3f04f704a	gmtkEMtrain	8	1349	0	533.213402	0
518	emt0.22.3.train_K8.ea4d0b9ea42c11eca965a4c3f04f704a	gmtkEMtrain	8	1339	0	534.133748	0
519	emt0.22.4.train_K8.ea4d0b9ea42c11eca965a4c3f04f704a	gmtkEMtrain	8	962	0	534.987469	0
520	emt0.22.7.train_K8.ea4d0b9ea42c11eca965a4c3f04f704a	gmtkEMtrain	8	902	0	535.84455	0
521	emt0.22.5.train_K8.ea4d0b9ea42c11eca965a4c3f04f704a	gmtkEMtrain	8	883	0	536.692371	0
522	emt0.22.6.train_K8.ea4d0b9ea42c11eca965a4c3f04f704a	gmtkEMtrain	8	825	0	537.514963	0
523	emt0.22.8.train_K8.ea4d0b9ea42c11eca965a4c3f04f704a	gmtkEMtrain	8	812	0	538.342887	0
524	emt0.22.9.train_K8.ea4d0b9ea42c11eca965a4c3f04f704a	gmtkEMtrain	8	781	0	539.097851	0
525	emt0.22.12.train_K8.ea4d0b9ea42c11eca965a4c3f04f704a	gmtkEMtrain	8	630	0	539.866675	0
526	emt0.22.10.train_K8.ea4d0b9ea42c11eca965a4c3f04f704a	gmtkEMtrain	8	591	0	540.728618	0
527	emt0.22.13.train_K8.ea4d0b9ea42c11eca965a4c3f04f704a	gmtkEMtrain	8	388	0	541.527248	0
528	emt0.22.14.train_K8.ea4d0b9ea42c11eca965a4c3f04f704a	gmtkEMtrain	8	353	0	542.246071	0
529	emt0.22.bundle.train_K8.ea4d0b9ea42c11eca965a4c3f04f704a	gmtkEMtrain	8	0	0	542.817508	0
530	emt0.23.0.train_K8.ea4d0b9ea42c11eca965a4c3f04f704a	gmtkEMtrain	8	2488	0	543.7973479999999	0
531	emt0.23.11.train_K8.ea4d0b9ea42c11eca965a4c3f04f704a	gmtkEMtrain	8	2431	0	544.871058	0
532	emt0.23.15.train_K8.ea4d0b9ea42c11eca965a4c3f04f704a	gmtkEMtrain	8	1979	0	545.859375	0
533	emt0.23.16.train_K8.ea4d0b9ea42c11eca965a4c3f04f704a	gmtkEMtrain	8	1911	0	546.792918	0
534	emt0.23.17.train_K8.ea4d0b9ea42c11eca965a4c3f04f704a	gmtkEMtrain	8	1808	0	547.706676	0
535	emt0.23.18.train_K8.ea4d0b9ea42c11eca965a4c3f04f704a	gmtkEMtrain	8	1708	0	548.638152	0
536	emt0.23.19.train_K8.ea4d0b9ea42c11eca965a4c3f04f704a	gmtkEMtrain	8	1592	0	549.578644	0
537	emt0.23.20.train_K8.ea4d0b9ea42c11eca965a4c3f04f704a	gmtkEMtrain	8	1463	0	550.408202	0
538	emt0.23.21.train_K8.ea4d0b9ea42c11eca965a4c3f04f704a	gmtkEMtrain	8	1412	0	551.2438080000001	0
539	emt0.23.1.train_K8.ea4d0b9ea42c11eca965a4c3f04f704a	gmtkEMtrain	8	1355	0	552.131	0
540	emt0.23.2.train_K8.ea4d0b9ea42c11eca965a4c3f04f704a	gmtkEMtrain	8	1349	0	553.048216	0
541	emt0.23.3.train_K8.ea4d0b9ea42c11eca965a4c3f04f704a	gmtkEMtrain	8	1339	0	553.965227	0
542	emt0.23.4.train_K8.ea4d0b9ea42c11eca965a4c3f04f704a	gmtkEMtrain	8	962	0	554.8135580000001	0
543	emt0.23.7.train_K8.ea4d0b9ea42c11eca965a4c3f04f704a	gmtkEMtrain	8	902	0	555.621732	0
544	emt0.23.5.train_K8.ea4d0b9ea42c11eca965a4c3f04f704a	gmtkEMtrain	8	883	0	556.307204	0
545	emt0.23.6.train_K8.ea4d0b9ea42c11eca965a4c3f04f704a	gmtkEMtrain	8	825	0	557.160937	0
546	emt0.23.8.train_K8.ea4d0b9ea42c11eca965a4c3f04f704a	gmtkEMtrain	8	812	0	557.9597259999999	0
547	emt0.23.9.train_K8.ea4d0b9ea42c11eca965a4c3f04f704a	gmtkEMtrain	8	781	0	558.788781	0
548	emt0.23.12.train_K8.ea4d0b9ea42c11eca965a4c3f04f704a	gmtkEMtrain	8	630	0	559.576008	0
549	emt0.23.10.train_K8.ea4d0b9ea42c11eca965a4c3f04f704a	gmtkEMtrain	8	591	0	560.3575089999999	0
550	emt0.23.13.train_K8.ea4d0b9ea42c11eca965a4c3f04f704a	gmtkEMtrain	8	388	0	561.099581	0
551	emt0.23.14.train_K8.ea4d0b9ea42c11eca965a4c3f04f704a	gmtkEMtrain	8	353	0	561.835582	0
552	emt0.23.bundle.train_K8.ea4d0b9ea42c11eca965a4c3f04f704a	gmtkEMtrain	8	0	0	562.406331	0
553	emt0.24.0.train_K8.ea4d0b9ea42c11eca965a4c3f04f704a	gmtkEMtrain	8	2488	0	563.481696	0
554	emt0.24.11.train_K8.ea4d0b9ea42c11eca965a4c3f04f704a	gmtkEMtrain	8	2431	0	564.539883	0
555	emt0.24.15.train_K8.ea4d0b9ea42c11eca965a4c3f04f704a	gmtkEMtrain	8	1979	0	565.511267	0
556	emt0.24.16.train_K8.ea4d0b9ea42c11eca965a4c3f04f704a	gmtkEMtrain	8	1911	0	566.39964	0
557	emt0.24.17.train_K8.ea4d0b9ea42c11eca965a4c3f04f704a	gmtkEMtrain	8	1808	0	567.350488	0
558	emt0.24.18.train_K8.ea4d0b9ea42c11eca965a4c3f04f704a	gmtkEMtrain	8	1708	0	568.280499	0
559	emt0.24.19.train_K8.ea4d0b9ea42c11eca965a4c3f04f704a	gmtkEMtrain	8	1592	0	569.111613	0
560	emt0.24.20.train_K8.ea4d0b9ea42c11eca965a4c3f04f704a	gmtkEMtrain	8	1463	0	569.926981	0
561	emt0.24.21.train_K8.ea4d0b9ea42c11eca965a4c3f04f704a	gmtkEMtrain	8	1412	0	570.746164	0
562	emt0.24.1.train_K8.ea4d0b9ea42c11eca965a4c3f04f704a	gmtkEMtrain	8	1355	0	571.661733	0
563	emt0.24.2.train_K8.ea4d0b9ea42c11eca965a4c3f04f704a	gmtkEMtrain	8	1349	0	572.529409	0
564	emt0.24.3.train_K8.ea4d0b9ea42c11eca965a4c3f04f704a	gmtkEMtrain	8	1339	0	573.396581	0
565	emt0.24.4.train_K8.ea4d0b9ea42c11eca965a4c3f04f704a	gmtkEMtrain	8	962	0	574.185258	0
566	emt0.24.7.train_K8.ea4d0b9ea42c11eca965a4c3f04f704a	gmtkEMtrain	8	902	0	575.031992	0
567	emt0.24.5.train_K8.ea4d0b9ea42c11eca965a4c3f04f704a	gmtkEMtrain	8	883	0	575.8182280000001	0
568	emt0.24.6.train_K8.ea4d0b9ea42c11eca965a4c3f04f704a	gmtkEMtrain	8	825	0	576.641681	0
569	emt0.24.8.train_K8.ea4d0b9ea42c11eca965a4c3f04f704a	gmtkEMtrain	8	812	0	577.2945569999999	0
570	emt0.24.9.train_K8.ea4d0b9ea42c11eca965a4c3f04f704a	gmtkEMtrain	8	781	0	578.0930900000001	0
571	emt0.24.12.train_K8.ea4d0b9ea42c11eca965a4c3f04f704a	gmtkEMtrain	8	630	0	578.902615	0
572	emt0.24.10.train_K8.ea4d0b9ea42c11eca965a4c3f04f704a	gmtkEMtrain	8	591	0	579.66458	0
573	emt0.24.13.train_K8.ea4d0b9ea42c11eca965a4c3f04f704a	gmtkEMtrain	8	388	0	580.41539	0
574	emt0.24.14.train_K8.ea4d0b9ea42c11eca965a4c3f04f704a	gmtkEMtrain	8	353	0	581.084479	0
575	emt0.24.bundle.train_K8.ea4d0b9ea42c11eca965a4c3f04f704a	gmtkEMtrain	8	0	0	581.662994	0
576	emt0.25.0.train_K8.ea4d0b9ea42c11eca965a4c3f04f704a	gmtkEMtrain	8	2488	0	582.721116	0
577	emt0.25.11.train_K8.ea4d0b9ea42c11eca965a4c3f04f704a	gmtkEMtrain	8	2431	0	583.754487	0
578	emt0.25.15.train_K8.ea4d0b9ea42c11eca965a4c3f04f704a	gmtkEMtrain	8	1979	0	584.712775	0
579	emt0.25.16.train_K8.ea4d0b9ea42c11eca965a4c3f04f704a	gmtkEMtrain	8	1911	0	585.628702	0
580	emt0.25.17.train_K8.ea4d0b9ea42c11eca965a4c3f04f704a	gmtkEMtrain	8	1808	0	586.621031	0
581	emt0.25.18.train_K8.ea4d0b9ea42c11eca965a4c3f04f704a	gmtkEMtrain	8	1708	0	587.5608050000001	0
582	emt0.25.19.train_K8.ea4d0b9ea42c11eca965a4c3f04f704a	gmtkEMtrain	8	1592	0	588.349994	0
583	emt0.25.20.train_K8.ea4d0b9ea42c11eca965a4c3f04f704a	gmtkEMtrain	8	1463	0	589.282677	0
584	emt0.25.21.train_K8.ea4d0b9ea42c11eca965a4c3f04f704a	gmtkEMtrain	8	1412	0	590.244918	0
585	emt0.25.1.train_K8.ea4d0b9ea42c11eca965a4c3f04f704a	gmtkEMtrain	8	1355	0	591.1285250000001	0
586	emt0.25.2.train_K8.ea4d0b9ea42c11eca965a4c3f04f704a	gmtkEMtrain	8	1349	0	591.969509	0
587	emt0.25.3.train_K8.ea4d0b9ea42c11eca965a4c3f04f704a	gmtkEMtrain	8	1339	0	592.847179	0
588	emt0.25.4.train_K8.ea4d0b9ea42c11eca965a4c3f04f704a	gmtkEMtrain	8	962	0	593.646831	0
589	emt0.25.7.train_K8.ea4d0b9ea42c11eca965a4c3f04f704a	gmtkEMtrain	8	902	0	594.4930059999999	0
590	emt0.25.5.train_K8.ea4d0b9ea42c11eca965a4c3f04f704a	gmtkEMtrain	8	883	0	595.353128	0
591	emt0.25.6.train_K8.ea4d0b9ea42c11eca965a4c3f04f704a	gmtkEMtrain	8	825	0	596.170836	0
592	emt0.25.8.train_K8.ea4d0b9ea42c11eca965a4c3f04f704a	gmtkEMtrain	8	812	0	596.911782	0
593	emt0.25.9.train_K8.ea4d0b9ea42c11eca965a4c3f04f704a	gmtkEMtrain	8	781	0	597.714096	0
594	emt0.25.12.train_K8.ea4d0b9ea42c11eca965a4c3f04f704a	gmtkEMtrain	8	630	0	598.464046	0
595	emt0.25.10.train_K8.ea4d0b9ea42c11eca965a4c3f04f704a	gmtkEMtrain	8	591	0	599.216126	0
596	emt0.25.13.train_K8.ea4d0b9ea42c11eca965a4c3f04f704a	gmtkEMtrain	8	388	0	599.983973	0
597	emt0.25.14.train_K8.ea4d0b9ea42c11eca965a4c3f04f704a	gmtkEMtrain	8	353	0	600.7151670000001	0
598	emt0.25.bundle.train_K8.ea4d0b9ea42c11eca965a4c3f04f704a	gmtkEMtrain	8	0	0	601.270233	0
599	emt0.26.0.train_K8.ea4d0b9ea42c11eca965a4c3f04f704a	gmtkEMtrain	8	2488	0	602.377735	0
600	emt0.26.11.train_K8.ea4d0b9ea42c11eca965a4c3f04f704a	gmtkEMtrain	8	2431	0	603.324073	0
601	emt0.26.15.train_K8.ea4d0b9ea42c11eca965a4c3f04f704a	gmtkEMtrain	8	1979	0	604.329652	0
602	emt0.26.16.train_K8.ea4d0b9ea42c11eca965a4c3f04f704a	gmtkEMtrain	8	1911	0	605.282064	0
603	emt0.26.17.train_K8.ea4d0b9ea42c11eca965a4c3f04f704a	gmtkEMtrain	8	1808	0	606.223799	0
604	emt0.26.18.train_K8.ea4d0b9ea42c11eca965a4c3f04f704a	gmtkEMtrain	8	1708	0	607.213249	0
605	emt0.26.19.train_K8.ea4d0b9ea42c11eca965a4c3f04f704a	gmtkEMtrain	8	1592	0	608.194229	0
606	emt0.26.20.train_K8.ea4d0b9ea42c11eca965a4c3f04f704a	gmtkEMtrain	8	1463	0	609.078473	0
607	emt0.26.21.train_K8.ea4d0b9ea42c11eca965a4c3f04f704a	gmtkEMtrain	8	1412	0	609.976227	0
608	emt0.26.1.train_K8.ea4d0b9ea42c11eca965a4c3f04f704a	gmtkEMtrain	8	1355	0	610.756661	0
609	emt0.26.2.train_K8.ea4d0b9ea42c11eca965a4c3f04f704a	gmtkEMtrain	8	1349	0	611.649997	0
610	emt0.26.3.train_K8.ea4d0b9ea42c11eca965a4c3f04f704a	gmtkEMtrain	8	1339	0	612.518721	0
611	emt0.26.4.train_K8.ea4d0b9ea42c11eca965a4c3f04f704a	gmtkEMtrain	8	962	0	613.235734	0
612	emt0.26.7.train_K8.ea4d0b9ea42c11eca965a4c3f04f704a	gmtkEMtrain	8	902	0	614.0229300000001	0
613	emt0.26.5.train_K8.ea4d0b9ea42c11eca965a4c3f04f704a	gmtkEMtrain	8	883	0	614.8893790000001	0
614	emt0.26.6.train_K8.ea4d0b9ea42c11eca965a4c3f04f704a	gmtkEMtrain	8	825	0	615.724896	0
615	emt0.26.8.train_K8.ea4d0b9ea42c11eca965a4c3f04f704a	gmtkEMtrain	8	812	0	616.544396	0
616	emt0.26.9.train_K8.ea4d0b9ea42c11eca965a4c3f04f704a	gmtkEMtrain	8	781	0	617.384785	0
617	emt0.26.12.train_K8.ea4d0b9ea42c11eca965a4c3f04f704a	gmtkEMtrain	8	630	0	618.200619	0
618	emt0.26.10.train_K8.ea4d0b9ea42c11eca965a4c3f04f704a	gmtkEMtrain	8	591	0	618.990468	0
619	emt0.26.13.train_K8.ea4d0b9ea42c11eca965a4c3f04f704a	gmtkEMtrain	8	388	0	619.7304260000001	0
620	emt0.26.14.train_K8.ea4d0b9ea42c11eca965a4c3f04f704a	gmtkEMtrain	8	353	0	620.476254	0
621	emt0.26.bundle.train_K8.ea4d0b9ea42c11eca965a4c3f04f704a	gmtkEMtrain	8	0	0	621.051678	0
622	emt0.27.0.train_K8.ea4d0b9ea42c11eca965a4c3f04f704a	gmtkEMtrain	8	2488	0	622.09231	0
623	emt0.27.11.train_K8.ea4d0b9ea42c11eca965a4c3f04f704a	gmtkEMtrain	8	2431	0	623.122711	0
624	emt0.27.15.train_K8.ea4d0b9ea42c11eca965a4c3f04f704a	gmtkEMtrain	8	1979	0	624.130074	0
625	emt0.27.16.train_K8.ea4d0b9ea42c11eca965a4c3f04f704a	gmtkEMtrain	8	1911	0	625.061064	0
626	emt0.27.17.train_K8.ea4d0b9ea42c11eca965a4c3f04f704a	gmtkEMtrain	8	1808	0	626.025349	0
627	emt0.27.18.train_K8.ea4d0b9ea42c11eca965a4c3f04f704a	gmtkEMtrain	8	1708	0	626.943626	0
628	emt0.27.19.train_K8.ea4d0b9ea42c11eca965a4c3f04f704a	gmtkEMtrain	8	1592	0	627.888725	0
629	emt0.27.20.train_K8.ea4d0b9ea42c11eca965a4c3f04f704a	gmtkEMtrain	8	1463	0	628.807746	0
630	emt0.27.21.train_K8.ea4d0b9ea42c11eca965a4c3f04f704a	gmtkEMtrain	8	1412	0	629.718155	0
631	emt0.27.1.train_K8.ea4d0b9ea42c11eca965a4c3f04f704a	gmtkEMtrain	8	1355	0	630.6115609999999	0
632	emt0.27.2.train_K8.ea4d0b9ea42c11eca965a4c3f04f704a	gmtkEMtrain	8	1349	0	631.5177990000001	0
633	emt0.27.3.train_K8.ea4d0b9ea42c11eca965a4c3f04f704a	gmtkEMtrain	8	1339	0	632.4101929999999	0
634	emt0.27.4.train_K8.ea4d0b9ea42c11eca965a4c3f04f704a	gmtkEMtrain	8	962	0	633.253192	0
635	emt0.27.7.train_K8.ea4d0b9ea42c11eca965a4c3f04f704a	gmtkEMtrain	8	902	0	634.10389	0
636	emt0.27.5.train_K8.ea4d0b9ea42c11eca965a4c3f04f704a	gmtkEMtrain	8	883	0	634.9219410000001	0
637	emt0.27.6.train_K8.ea4d0b9ea42c11eca965a4c3f04f704a	gmtkEMtrain	8	825	0	635.72536	0
638	emt0.27.8.train_K8.ea4d0b9ea42c11eca965a4c3f04f704a	gmtkEMtrain	8	812	0	636.5293369999999	0
639	emt0.27.9.train_K8.ea4d0b9ea42c11eca965a4c3f04f704a	gmtkEMtrain	8	781	0	637.333625	0
640	emt0.27.12.train_K8.ea4d0b9ea42c11eca965a4c3f04f704a	gmtkEMtrain	8	630	0	638.1232729999999	0
641	emt0.27.10.train_K8.ea4d0b9ea42c11eca965a4c3f04f704a	gmtkEMtrain	8	591	0	638.902712	0
642	emt0.27.13.train_K8.ea4d0b9ea42c11eca965a4c3f04f704a	gmtkEMtrain	8	388	0	639.627438	0
643	emt0.27.14.train_K8.ea4d0b9ea42c11eca965a4c3f04f704a	gmtkEMtrain	8	353	0	640.3743979999999	0
644	emt0.27.bundle.train_K8.ea4d0b9ea42c11eca965a4c3f04f704a	gmtkEMtrain	8	0	0	641.171393	0
645	emt0.28.0.train_K8.ea4d0b9ea42c11eca965a4c3f04f704a	gmtkEMtrain	8	2488	0	642.266946	0
646	emt0.28.11.train_K8.ea4d0b9ea42c11eca965a4c3f04f704a	gmtkEMtrain	8	2431	0	643.265522	0
647	emt0.28.15.train_K8.ea4d0b9ea42c11eca965a4c3f04f704a	gmtkEMtrain	8	1979	0	644.2943	0
648	emt0.28.16.train_K8.ea4d0b9ea42c11eca965a4c3f04f704a	gmtkEMtrain	8	1911	0	645.2162020000001	0
649	emt0.28.17.train_K8.ea4d0b9ea42c11eca965a4c3f04f704a	gmtkEMtrain	8	1808	0	646.209496	0
650	emt0.28.18.train_K8.ea4d0b9ea42c11eca965a4c3f04f704a	gmtkEMtrain	8	1708	0	647.195553	0
651	emt0.28.19.train_K8.ea4d0b9ea42c11eca965a4c3f04f704a	gmtkEMtrain	8	1592	0	648.1476	0
652	emt0.28.20.train_K8.ea4d0b9ea42c11eca965a4c3f04f704a	gmtkEMtrain	8	1463	0	649.052883	0
653	emt0.28.21.train_K8.ea4d0b9ea42c11eca965a4c3f04f704a	gmtkEMtrain	8	1412	0	649.92186	0
654	emt0.28.1.train_K8.ea4d0b9ea42c11eca965a4c3f04f704a	gmtkEMtrain	8	1355	0	650.809508	0
655	emt0.28.2.train_K8.ea4d0b9ea42c11eca965a4c3f04f704a	gmtkEMtrain	8	1349	0	651.699293	0
656	emt0.28.3.train_K8.ea4d0b9ea42c11eca965a4c3f04f704a	gmtkEMtrain	8	1339	0	652.5875	0
657	emt0.28.4.train_K8.ea4d0b9ea42c11eca965a4c3f04f704a	gmtkEMtrain	8	962	0	653.4027970000001	0
658	emt0.28.7.train_K8.ea4d0b9ea42c11eca965a4c3f04f704a	gmtkEMtrain	8	902	0	654.194982	0
659	emt0.28.5.train_K8.ea4d0b9ea42c11eca965a4c3f04f704a	gmtkEMtrain	8	883	0	655.024772	0
660	emt0.28.6.train_K8.ea4d0b9ea42c11eca965a4c3f04f704a	gmtkEMtrain	8	825	0	655.8421169999999	0
661	emt0.28.8.train_K8.ea4d0b9ea42c11eca965a4c3f04f704a	gmtkEMtrain	8	812	0	656.6526759999999	0
662	emt0.28.9.train_K8.ea4d0b9ea42c11eca965a4c3f04f704a	gmtkEMtrain	8	781	0	657.41395	0
663	emt0.28.12.train_K8.ea4d0b9ea42c11eca965a4c3f04f704a	gmtkEMtrain	8	630	0	658.201266	0
664	emt0.28.10.train_K8.ea4d0b9ea42c11eca965a4c3f04f704a	gmtkEMtrain	8	591	0	658.9219079999999	0
665	emt0.28.13.train_K8.ea4d0b9ea42c11eca965a4c3f04f704a	gmtkEMtrain	8	388	0	659.6613100000001	0
666	emt0.28.14.train_K8.ea4d0b9ea42c11eca965a4c3f04f704a	gmtkEMtrain	8	353	0	660.407556	0
667	emt0.28.bundle.train_K8.ea4d0b9ea42c11eca965a4c3f04f704a	gmtkEMtrain	8	0	0	661.0084079999999	0
668	emt0.29.0.train_K8.ea4d0b9ea42c11eca965a4c3f04f704a	gmtkEMtrain	8	2488	0	662.02239	0
669	emt0.29.11.train_K8.ea4d0b9ea42c11eca965a4c3f04f704a	gmtkEMtrain	8	2431	0	663.0089019999999	0
670	emt0.29.15.train_K8.ea4d0b9ea42c11eca965a4c3f04f704a	gmtkEMtrain	8	1979	0	663.98171	0
671	emt0.29.16.train_K8.ea4d0b9ea42c11eca965a4c3f04f704a	gmtkEMtrain	8	1911	0	664.9473399999999	0
672	emt0.29.17.train_K8.ea4d0b9ea42c11eca965a4c3f04f704a	gmtkEMtrain	8	1808	0	665.89004	0
673	emt0.29.18.train_K8.ea4d0b9ea42c11eca965a4c3f04f704a	gmtkEMtrain	8	1708	0	666.836307	0
674	emt0.29.19.train_K8.ea4d0b9ea42c11eca965a4c3f04f704a	gmtkEMtrain	8	1592	0	667.744661	0
675	emt0.29.20.train_K8.ea4d0b9ea42c11eca965a4c3f04f704a	gmtkEMtrain	8	1463	0	668.634716	0
676	emt0.29.21.train_K8.ea4d0b9ea42c11eca965a4c3f04f704a	gmtkEMtrain	8	1412	0	669.495536	0
677	emt0.29.1.train_K8.ea4d0b9ea42c11eca965a4c3f04f704a	gmtkEMtrain	8	1355	0	670.397198	0
678	emt0.29.2.train_K8.ea4d0b9ea42c11eca965a4c3f04f704a	gmtkEMtrain	8	1349	0	671.255293	0
679	emt0.29.3.train_K8.ea4d0b9ea42c11eca965a4c3f04f704a	gmtkEMtrain	8	1339	0	672.183234	0
680	emt0.29.4.train_K8.ea4d0b9ea42c11eca965a4c3f04f704a	gmtkEMtrain	8	962	0	672.900741	0
681	emt0.29.7.train_K8.ea4d0b9ea42c11eca965a4c3f04f704a	gmtkEMtrain	8	902	0	673.7411169999999	0
682	emt0.29.5.train_K8.ea4d0b9ea42c11eca965a4c3f04f704a	gmtkEMtrain	8	883	0	674.546332	0
683	emt0.29.6.train_K8.ea4d0b9ea42c11eca965a4c3f04f704a	gmtkEMtrain	8	825	0	675.355337	0
684	emt0.29.8.train_K8.ea4d0b9ea42c11eca965a4c3f04f704a	gmtkEMtrain	8	812	0	676.1560770000001	0
685	emt0.29.9.train_K8.ea4d0b9ea42c11eca965a4c3f04f704a	gmtkEMtrain	8	781	0	676.9548699999999	0
686	emt0.29.12.train_K8.ea4d0b9ea42c11eca965a4c3f04f704a	gmtkEMtrain	8	630	0	677.72832	0
687	emt0.29.10.train_K8.ea4d0b9ea42c11eca965a4c3f04f704a	gmtkEMtrain	8	591	0	678.478288	0
688	emt0.29.13.train_K8.ea4d0b9ea42c11eca965a4c3f04f704a	gmtkEMtrain	8	388	0	679.247533	0
689	emt0.29.14.train_K8.ea4d0b9ea42c11eca965a4c3f04f704a	gmtkEMtrain	8	353	0	680.041622	0
690	emt0.29.bundle.train_K8.ea4d0b9ea42c11eca965a4c3f04f704a	gmtkEMtrain	8	0	0	680.6348849999999	0
691	emt0.30.0.train_K8.ea4d0b9ea42c11eca965a4c3f04f704a	gmtkEMtrain	8	2488	0	681.8035140000001	0
692	emt0.30.11.train_K8.ea4d0b9ea42c11eca965a4c3f04f704a	gmtkEMtrain	8	2431	0	682.9310740000001	0
693	emt0.30.15.train_K8.ea4d0b9ea42c11eca965a4c3f04f704a	gmtkEMtrain	8	1979	0	683.996922	0
694	emt0.30.16.train_K8.ea4d0b9ea42c11eca965a4c3f04f704a	gmtkEMtrain	8	1911	0	685.0390460000001	0
695	emt0.30.17.train_K8.ea4d0b9ea42c11eca965a4c3f04f704a	gmtkEMtrain	8	1808	0	686.0745400000001	0
696	emt0.30.18.train_K8.ea4d0b9ea42c11eca965a4c3f04f704a	gmtkEMtrain	8	1708	0	687.077164	0
697	emt0.30.19.train_K8.ea4d0b9ea42c11eca965a4c3f04f704a	gmtkEMtrain	8	1592	0	688.085894	0
698	emt0.30.20.train_K8.ea4d0b9ea42c11eca965a4c3f04f704a	gmtkEMtrain	8	1463	0	689.025301	0
699	emt0.30.21.train_K8.ea4d0b9ea42c11eca965a4c3f04f704a	gmtkEMtrain	8	1412	0	690.000663	0
700	emt0.30.1.train_K8.ea4d0b9ea42c11eca965a4c3f04f704a	gmtkEMtrain	8	1355	0	690.953467	0
701	emt0.30.2.train_K8.ea4d0b9ea42c11eca965a4c3f04f704a	gmtkEMtrain	8	1349	0	691.905181	0
702	emt0.30.3.train_K8.ea4d0b9ea42c11eca965a4c3f04f704a	gmtkEMtrain	8	1339	0	692.854858	0
703	emt0.30.4.train_K8.ea4d0b9ea42c11eca965a4c3f04f704a	gmtkEMtrain	8	962	0	693.742731	0
704	emt0.30.7.train_K8.ea4d0b9ea42c11eca965a4c3f04f704a	gmtkEMtrain	8	902	0	694.636278	0
705	emt0.30.5.train_K8.ea4d0b9ea42c11eca965a4c3f04f704a	gmtkEMtrain	8	883	0	695.467075	0
706	emt0.30.6.train_K8.ea4d0b9ea42c11eca965a4c3f04f704a	gmtkEMtrain	8	825	0	696.219632	0
707	emt0.30.8.train_K8.ea4d0b9ea42c11eca965a4c3f04f704a	gmtkEMtrain	8	812	0	697.135137	0
708	emt0.30.9.train_K8.ea4d0b9ea42c11eca965a4c3f04f704a	gmtkEMtrain	8	781	0	697.958212	0
709	emt0.30.12.train_K8.ea4d0b9ea42c11eca965a4c3f04f704a	gmtkEMtrain	8	630	0	698.845565	0
710	emt0.30.10.train_K8.ea4d0b9ea42c11eca965a4c3f04f704a	gmtkEMtrain	8	591	0	699.6626620000001	0
711	emt0.30.13.train_K8.ea4d0b9ea42c11eca965a4c3f04f704a	gmtkEMtrain	8	388	0	700.4514879999999	0
712	emt0.30.14.train_K8.ea4d0b9ea42c11eca965a4c3f04f704a	gmtkEMtrain	8	353	0	701.3358430000001	0
713	emt0.30.bundle.train_K8.ea4d0b9ea42c11eca965a4c3f04f704a	gmtkEMtrain	8	0	0	701.917636	0
714	emt0.31.0.train_K8.ea4d0b9ea42c11eca965a4c3f04f704a	gmtkEMtrain	8	2488	0	702.935444	0
715	emt0.31.11.train_K8.ea4d0b9ea42c11eca965a4c3f04f704a	gmtkEMtrain	8	2431	0	703.9792150000001	0
716	emt0.31.15.train_K8.ea4d0b9ea42c11eca965a4c3f04f704a	gmtkEMtrain	8	1979	0	704.9876989999999	0
717	emt0.31.16.train_K8.ea4d0b9ea42c11eca965a4c3f04f704a	gmtkEMtrain	8	1911	0	705.9637809999999	0
718	emt0.31.17.train_K8.ea4d0b9ea42c11eca965a4c3f04f704a	gmtkEMtrain	8	1808	0	706.95546	0
719	emt0.31.18.train_K8.ea4d0b9ea42c11eca965a4c3f04f704a	gmtkEMtrain	8	1708	0	707.892201	0
720	emt0.31.19.train_K8.ea4d0b9ea42c11eca965a4c3f04f704a	gmtkEMtrain	8	1592	0	708.691761	0
721	emt0.31.20.train_K8.ea4d0b9ea42c11eca965a4c3f04f704a	gmtkEMtrain	8	1463	0	709.607665	0
722	emt0.31.21.train_K8.ea4d0b9ea42c11eca965a4c3f04f704a	gmtkEMtrain	8	1412	0	710.545273	0
723	emt0.31.1.train_K8.ea4d0b9ea42c11eca965a4c3f04f704a	gmtkEMtrain	8	1355	0	711.4759700000001	0
724	emt0.31.2.train_K8.ea4d0b9ea42c11eca965a4c3f04f704a	gmtkEMtrain	8	1349	0	712.42472	0
725	emt0.31.3.train_K8.ea4d0b9ea42c11eca965a4c3f04f704a	gmtkEMtrain	8	1339	0	713.3563710000001	0
726	emt0.31.4.train_K8.ea4d0b9ea42c11eca965a4c3f04f704a	gmtkEMtrain	8	962	0	714.061182	0
727	emt0.31.7.train_K8.ea4d0b9ea42c11eca965a4c3f04f704a	gmtkEMtrain	8	902	0	714.903846	0
728	emt0.31.5.train_K8.ea4d0b9ea42c11eca965a4c3f04f704a	gmtkEMtrain	8	883	0	715.75711	0
729	emt0.31.6.train_K8.ea4d0b9ea42c11eca965a4c3f04f704a	gmtkEMtrain	8	825	0	716.566492	0
730	emt0.31.8.train_K8.ea4d0b9ea42c11eca965a4c3f04f704a	gmtkEMtrain	8	812	0	717.345584	0
731	emt0.31.9.train_K8.ea4d0b9ea42c11eca965a4c3f04f704a	gmtkEMtrain	8	781	0	718.145731	0
732	emt0.31.12.train_K8.ea4d0b9ea42c11eca965a4c3f04f704a	gmtkEMtrain	8	630	0	718.9388280000001	0
733	emt0.31.10.train_K8.ea4d0b9ea42c11eca965a4c3f04f704a	gmtkEMtrain	8	591	0	719.740867	0
734	emt0.31.13.train_K8.ea4d0b9ea42c11eca965a4c3f04f704a	gmtkEMtrain	8	388	0	720.464235	0
735	emt0.31.14.train_K8.ea4d0b9ea42c11eca965a4c3f04f704a	gmtkEMtrain	8	353	0	721.2011329999999	0
736	emt0.31.bundle.train_K8.ea4d0b9ea42c11eca965a4c3f04f704a	gmtkEMtrain	8	0	0	721.754357	0
737	emt0.32.0.train_K8.ea4d0b9ea42c11eca965a4c3f04f704a	gmtkEMtrain	8	2488	0	722.815624	0
738	emt0.32.11.train_K8.ea4d0b9ea42c11eca965a4c3f04f704a	gmtkEMtrain	8	2431	0	723.859367	0
739	emt0.32.15.train_K8.ea4d0b9ea42c11eca965a4c3f04f704a	gmtkEMtrain	8	1979	0	724.806845	0
740	emt0.32.16.train_K8.ea4d0b9ea42c11eca965a4c3f04f704a	gmtkEMtrain	8	1911	0	725.730676	0
741	emt0.32.17.train_K8.ea4d0b9ea42c11eca965a4c3f04f704a	gmtkEMtrain	8	1808	0	726.641797	0
742	emt0.32.18.train_K8.ea4d0b9ea42c11eca965a4c3f04f704a	gmtkEMtrain	8	1708	0	727.543182	0
743	emt0.32.19.train_K8.ea4d0b9ea42c11eca965a4c3f04f704a	gmtkEMtrain	8	1592	0	728.4569809999999	0
744	emt0.32.20.train_K8.ea4d0b9ea42c11eca965a4c3f04f704a	gmtkEMtrain	8	1463	0	729.4117580000001	0
745	emt0.32.21.train_K8.ea4d0b9ea42c11eca965a4c3f04f704a	gmtkEMtrain	8	1412	0	730.2473679999999	0
746	emt0.32.1.train_K8.ea4d0b9ea42c11eca965a4c3f04f704a	gmtkEMtrain	8	1355	0	731.136737	0
747	emt0.32.2.train_K8.ea4d0b9ea42c11eca965a4c3f04f704a	gmtkEMtrain	8	1349	0	732.029913	0
748	emt0.32.3.train_K8.ea4d0b9ea42c11eca965a4c3f04f704a	gmtkEMtrain	8	1339	0	732.905784	0
749	emt0.32.4.train_K8.ea4d0b9ea42c11eca965a4c3f04f704a	gmtkEMtrain	8	962	0	733.734406	0
750	emt0.32.7.train_K8.ea4d0b9ea42c11eca965a4c3f04f704a	gmtkEMtrain	8	902	0	734.527992	0
751	emt0.32.5.train_K8.ea4d0b9ea42c11eca965a4c3f04f704a	gmtkEMtrain	8	883	0	735.381481	0
752	emt0.32.6.train_K8.ea4d0b9ea42c11eca965a4c3f04f704a	gmtkEMtrain	8	825	0	736.182558	0
753	emt0.32.8.train_K8.ea4d0b9ea42c11eca965a4c3f04f704a	gmtkEMtrain	8	812	0	736.952749	0
754	emt0.32.9.train_K8.ea4d0b9ea42c11eca965a4c3f04f704a	gmtkEMtrain	8	781	0	737.750927	0
755	emt0.32.12.train_K8.ea4d0b9ea42c11eca965a4c3f04f704a	gmtkEMtrain	8	630	0	738.526554	0
756	emt0.32.10.train_K8.ea4d0b9ea42c11eca965a4c3f04f704a	gmtkEMtrain	8	591	0	739.2882040000001	0
757	emt0.32.13.train_K8.ea4d0b9ea42c11eca965a4c3f04f704a	gmtkEMtrain	8	388	0	740.016897	0
758	emt0.32.14.train_K8.ea4d0b9ea42c11eca965a4c3f04f704a	gmtkEMtrain	8	353	0	740.746037	0
759	emt0.32.bundle.train_K8.ea4d0b9ea42c11eca965a4c3f04f704a	gmtkEMtrain	8	0	0	741.260071	0
760	emt0.33.0.train_K8.ea4d0b9ea42c11eca965a4c3f04f704a	gmtkEMtrain	8	2488	0	742.460885	0
761	emt0.33.11.train_K8.ea4d0b9ea42c11eca965a4c3f04f704a	gmtkEMtrain	8	2431	0	743.56217	0
762	emt0.33.15.train_K8.ea4d0b9ea42c11eca965a4c3f04f704a	gmtkEMtrain	8	1979	0	744.753801	0
763	emt0.33.16.train_K8.ea4d0b9ea42c11eca965a4c3f04f704a	gmtkEMtrain	8	1911	0	745.85834	0
764	emt0.33.17.train_K8.ea4d0b9ea42c11eca965a4c3f04f704a	gmtkEMtrain	8	1808	0	746.7654150000001	0
765	emt0.33.18.train_K8.ea4d0b9ea42c11eca965a4c3f04f704a	gmtkEMtrain	8	1708	0	747.943739	0
766	emt0.33.19.train_K8.ea4d0b9ea42c11eca965a4c3f04f704a	gmtkEMtrain	8	1592	0	749.070013	0
767	emt0.33.20.train_K8.ea4d0b9ea42c11eca965a4c3f04f704a	gmtkEMtrain	8	1463	0	750.034396	0
768	emt0.33.21.train_K8.ea4d0b9ea42c11eca965a4c3f04f704a	gmtkEMtrain	8	1412	0	750.881637	0
769	emt0.33.1.train_K8.ea4d0b9ea42c11eca965a4c3f04f704a	gmtkEMtrain	8	1355	0	751.9070210000001	0
770	emt0.33.2.train_K8.ea4d0b9ea42c11eca965a4c3f04f704a	gmtkEMtrain	8	1349	0	752.921161	0
771	emt0.33.3.train_K8.ea4d0b9ea42c11eca965a4c3f04f704a	gmtkEMtrain	8	1339	0	753.834255	0
772	emt0.33.4.train_K8.ea4d0b9ea42c11eca965a4c3f04f704a	gmtkEMtrain	8	962	0	754.740439	0
773	emt0.33.7.train_K8.ea4d0b9ea42c11eca965a4c3f04f704a	gmtkEMtrain	8	902	0	755.637977	0
774	emt0.33.5.train_K8.ea4d0b9ea42c11eca965a4c3f04f704a	gmtkEMtrain	8	883	0	756.535841	0
775	emt0.33.6.train_K8.ea4d0b9ea42c11eca965a4c3f04f704a	gmtkEMtrain	8	825	0	757.470795	0
776	emt0.33.8.train_K8.ea4d0b9ea42c11eca965a4c3f04f704a	gmtkEMtrain	8	812	0	758.3383140000001	0
777	emt0.33.9.train_K8.ea4d0b9ea42c11eca965a4c3f04f704a	gmtkEMtrain	8	781	0	759.20392	0
778	emt0.33.12.train_K8.ea4d0b9ea42c11eca965a4c3f04f704a	gmtkEMtrain	8	630	0	760.0486980000001	0
779	emt0.33.10.train_K8.ea4d0b9ea42c11eca965a4c3f04f704a	gmtkEMtrain	8	591	0	760.80704	0
780	emt0.33.13.train_K8.ea4d0b9ea42c11eca965a4c3f04f704a	gmtkEMtrain	8	388	0	761.639412	0
781	emt0.33.14.train_K8.ea4d0b9ea42c11eca965a4c3f04f704a	gmtkEMtrain	8	353	0	762.4142760000001	0
782	emt0.33.bundle.train_K8.ea4d0b9ea42c11eca965a4c3f04f704a	gmtkEMtrain	8	0	0	763.009168	0
783	emt0.34.0.train_K8.ea4d0b9ea42c11eca965a4c3f04f704a	gmtkEMtrain	8	2488	0	764.077823	0
784	emt0.34.11.train_K8.ea4d0b9ea42c11eca965a4c3f04f704a	gmtkEMtrain	8	2431	0	764.985403	0
785	emt0.34.15.train_K8.ea4d0b9ea42c11eca965a4c3f04f704a	gmtkEMtrain	8	1979	0	765.991421	0
786	emt0.34.16.train_K8.ea4d0b9ea42c11eca965a4c3f04f704a	gmtkEMtrain	8	1911	0	766.915313	0
787	emt0.34.17.train_K8.ea4d0b9ea42c11eca965a4c3f04f704a	gmtkEMtrain	8	1808	0	767.876345	0
788	emt0.34.18.train_K8.ea4d0b9ea42c11eca965a4c3f04f704a	gmtkEMtrain	8	1708	0	768.7705569999999	0
789	emt0.34.19.train_K8.ea4d0b9ea42c11eca965a4c3f04f704a	gmtkEMtrain	8	1592	0	769.676661	0
790	emt0.34.20.train_K8.ea4d0b9ea42c11eca965a4c3f04f704a	gmtkEMtrain	8	1463	0	770.594311	0
791	emt0.34.21.train_K8.ea4d0b9ea42c11eca965a4c3f04f704a	gmtkEMtrain	8	1412	0	771.524108	0
792	emt0.34.1.train_K8.ea4d0b9ea42c11eca965a4c3f04f704a	gmtkEMtrain	8	1355	0	772.4657470000001	0
793	emt0.34.2.train_K8.ea4d0b9ea42c11eca965a4c3f04f704a	gmtkEMtrain	8	1349	0	773.362551	0
794	emt0.34.3.train_K8.ea4d0b9ea42c11eca965a4c3f04f704a	gmtkEMtrain	8	1339	0	774.261884	0
795	emt0.34.4.train_K8.ea4d0b9ea42c11eca965a4c3f04f704a	gmtkEMtrain	8	962	0	775.123548	0
796	emt0.34.7.train_K8.ea4d0b9ea42c11eca965a4c3f04f704a	gmtkEMtrain	8	902	0	776.028493	0
797	emt0.34.5.train_K8.ea4d0b9ea42c11eca965a4c3f04f704a	gmtkEMtrain	8	883	0	776.880335	0
798	emt0.34.6.train_K8.ea4d0b9ea42c11eca965a4c3f04f704a	gmtkEMtrain	8	825	0	777.7293540000001	0
799	emt0.34.8.train_K8.ea4d0b9ea42c11eca965a4c3f04f704a	gmtkEMtrain	8	812	0	778.409683	0
800	emt0.34.9.train_K8.ea4d0b9ea42c11eca965a4c3f04f704a	gmtkEMtrain	8	781	0	779.259327	0
801	emt0.34.12.train_K8.ea4d0b9ea42c11eca965a4c3f04f704a	gmtkEMtrain	8	630	0	780.100015	0
802	emt0.34.10.train_K8.ea4d0b9ea42c11eca965a4c3f04f704a	gmtkEMtrain	8	591	0	780.9181030000001	0
803	emt0.34.13.train_K8.ea4d0b9ea42c11eca965a4c3f04f704a	gmtkEMtrain	8	388	0	781.627881	0
804	emt0.34.14.train_K8.ea4d0b9ea42c11eca965a4c3f04f704a	gmtkEMtrain	8	353	0	782.423793	0
805	emt0.34.bundle.train_K8.ea4d0b9ea42c11eca965a4c3f04f704a	gmtkEMtrain	8	0	0	783.0331859999999	0
806	emt0.35.0.train_K8.ea4d0b9ea42c11eca965a4c3f04f704a	gmtkEMtrain	8	2488	0	784.190339	0
807	emt0.35.11.train_K8.ea4d0b9ea42c11eca965a4c3f04f704a	gmtkEMtrain	8	2431	0	785.402376	0
808	emt0.35.15.train_K8.ea4d0b9ea42c11eca965a4c3f04f704a	gmtkEMtrain	8	1979	0	786.5110860000001	0
809	emt0.35.16.train_K8.ea4d0b9ea42c11eca965a4c3f04f704a	gmtkEMtrain	8	1911	0	787.64902	0
810	emt0.35.17.train_K8.ea4d0b9ea42c11eca965a4c3f04f704a	gmtkEMtrain	8	1808	0	788.699667	0
811	emt0.35.18.train_K8.ea4d0b9ea42c11eca965a4c3f04f704a	gmtkEMtrain	8	1708	0	789.797599	0
812	emt0.35.19.train_K8.ea4d0b9ea42c11eca965a4c3f04f704a	gmtkEMtrain	8	1592	0	790.8150509999999	0
813	emt0.35.20.train_K8.ea4d0b9ea42c11eca965a4c3f04f704a	gmtkEMtrain	8	1463	0	791.754349	0
814	emt0.35.21.train_K8.ea4d0b9ea42c11eca965a4c3f04f704a	gmtkEMtrain	8	1412	0	792.653536	0
815	emt0.35.1.train_K8.ea4d0b9ea42c11eca965a4c3f04f704a	gmtkEMtrain	8	1355	0	793.705168	0
816	emt0.35.2.train_K8.ea4d0b9ea42c11eca965a4c3f04f704a	gmtkEMtrain	8	1349	0	794.5839830000001	0
817	emt0.35.3.train_K8.ea4d0b9ea42c11eca965a4c3f04f704a	gmtkEMtrain	8	1339	0	795.4931	0
818	emt0.35.4.train_K8.ea4d0b9ea42c11eca965a4c3f04f704a	gmtkEMtrain	8	962	0	796.383595	0
819	emt0.35.7.train_K8.ea4d0b9ea42c11eca965a4c3f04f704a	gmtkEMtrain	8	902	0	797.303889	0
820	emt0.35.5.train_K8.ea4d0b9ea42c11eca965a4c3f04f704a	gmtkEMtrain	8	883	0	798.09067	0
821	emt0.35.6.train_K8.ea4d0b9ea42c11eca965a4c3f04f704a	gmtkEMtrain	8	825	0	799.0262610000001	0
822	emt0.35.8.train_K8.ea4d0b9ea42c11eca965a4c3f04f704a	gmtkEMtrain	8	812	0	799.967352	0
823	emt0.35.9.train_K8.ea4d0b9ea42c11eca965a4c3f04f704a	gmtkEMtrain	8	781	0	800.800757	0
824	emt0.35.12.train_K8.ea4d0b9ea42c11eca965a4c3f04f704a	gmtkEMtrain	8	630	0	801.560287	0
825	emt0.35.10.train_K8.ea4d0b9ea42c11eca965a4c3f04f704a	gmtkEMtrain	8	591	0	802.351187	0
826	emt0.35.13.train_K8.ea4d0b9ea42c11eca965a4c3f04f704a	gmtkEMtrain	8	388	0	803.211732	0
827	emt0.35.14.train_K8.ea4d0b9ea42c11eca965a4c3f04f704a	gmtkEMtrain	8	353	0	803.8615040000001	0
828	emt0.35.bundle.train_K8.ea4d0b9ea42c11eca965a4c3f04f704a	gmtkEMtrain	8	0	0	804.441906	0
829	emt0.36.0.train_K8.ea4d0b9ea42c11eca965a4c3f04f704a	gmtkEMtrain	8	2488	0	805.4821760000001	0
830	emt0.36.11.train_K8.ea4d0b9ea42c11eca965a4c3f04f704a	gmtkEMtrain	8	2431	0	806.4674570000001	0
831	emt0.36.15.train_K8.ea4d0b9ea42c11eca965a4c3f04f704a	gmtkEMtrain	8	1979	0	807.454404	0
832	emt0.36.16.train_K8.ea4d0b9ea42c11eca965a4c3f04f704a	gmtkEMtrain	8	1911	0	808.411293	0
833	emt0.36.17.train_K8.ea4d0b9ea42c11eca965a4c3f04f704a	gmtkEMtrain	8	1808	0	809.383619	0
834	emt0.36.18.train_K8.ea4d0b9ea42c11eca965a4c3f04f704a	gmtkEMtrain	8	1708	0	810.337349	0
835	emt0.36.19.train_K8.ea4d0b9ea42c11eca965a4c3f04f704a	gmtkEMtrain	8	1592	0	811.2201600000001	0
836	emt0.36.20.train_K8.ea4d0b9ea42c11eca965a4c3f04f704a	gmtkEMtrain	8	1463	0	812.161204	0
837	emt0.36.21.train_K8.ea4d0b9ea42c11eca965a4c3f04f704a	gmtkEMtrain	8	1412	0	813.051238	0
838	emt0.36.1.train_K8.ea4d0b9ea42c11eca965a4c3f04f704a	gmtkEMtrain	8	1355	0	813.920928	0
839	emt0.36.2.train_K8.ea4d0b9ea42c11eca965a4c3f04f704a	gmtkEMtrain	8	1349	0	814.756542	0
840	emt0.36.3.train_K8.ea4d0b9ea42c11eca965a4c3f04f704a	gmtkEMtrain	8	1339	0	815.6380019999999	0
841	emt0.36.4.train_K8.ea4d0b9ea42c11eca965a4c3f04f704a	gmtkEMtrain	8	962	0	816.465878	0
842	emt0.36.7.train_K8.ea4d0b9ea42c11eca965a4c3f04f704a	gmtkEMtrain	8	902	0	817.264671	0
843	emt0.36.5.train_K8.ea4d0b9ea42c11eca965a4c3f04f704a	gmtkEMtrain	8	883	0	818.100445	0
844	emt0.36.6.train_K8.ea4d0b9ea42c11eca965a4c3f04f704a	gmtkEMtrain	8	825	0	818.874964	0
845	emt0.36.8.train_K8.ea4d0b9ea42c11eca965a4c3f04f704a	gmtkEMtrain	8	812	0	819.659495	0
846	emt0.36.9.train_K8.ea4d0b9ea42c11eca965a4c3f04f704a	gmtkEMtrain	8	781	0	820.4190229999999	0
847	emt0.36.12.train_K8.ea4d0b9ea42c11eca965a4c3f04f704a	gmtkEMtrain	8	630	0	821.1662490000001	0
848	emt0.36.10.train_K8.ea4d0b9ea42c11eca965a4c3f04f704a	gmtkEMtrain	8	591	0	821.931299	0
849	emt0.36.13.train_K8.ea4d0b9ea42c11eca965a4c3f04f704a	gmtkEMtrain	8	388	0	822.7557589999999	0
850	emt0.36.14.train_K8.ea4d0b9ea42c11eca965a4c3f04f704a	gmtkEMtrain	8	353	0	823.5486960000001	0
851	emt0.36.bundle.train_K8.ea4d0b9ea42c11eca965a4c3f04f704a	gmtkEMtrain	8	0	0	824.103646	0
852	emt0.37.0.train_K8.ea4d0b9ea42c11eca965a4c3f04f704a	gmtkEMtrain	8	2488	0	825.16904	0
853	emt0.37.11.train_K8.ea4d0b9ea42c11eca965a4c3f04f704a	gmtkEMtrain	8	2431	0	826.2789479999999	0
854	emt0.37.15.train_K8.ea4d0b9ea42c11eca965a4c3f04f704a	gmtkEMtrain	8	1979	0	827.207952	0
855	emt0.37.16.train_K8.ea4d0b9ea42c11eca965a4c3f04f704a	gmtkEMtrain	8	1911	0	828.1495950000001	0
856	emt0.37.17.train_K8.ea4d0b9ea42c11eca965a4c3f04f704a	gmtkEMtrain	8	1808	0	829.140325	0
857	emt0.37.18.train_K8.ea4d0b9ea42c11eca965a4c3f04f704a	gmtkEMtrain	8	1708	0	830.078834	0
858	emt0.37.19.train_K8.ea4d0b9ea42c11eca965a4c3f04f704a	gmtkEMtrain	8	1592	0	831.0165109999999	0
859	emt0.37.20.train_K8.ea4d0b9ea42c11eca965a4c3f04f704a	gmtkEMtrain	8	1463	0	832.062351	0
860	emt0.37.21.train_K8.ea4d0b9ea42c11eca965a4c3f04f704a	gmtkEMtrain	8	1412	0	832.963356	0
861	emt0.37.1.train_K8.ea4d0b9ea42c11eca965a4c3f04f704a	gmtkEMtrain	8	1355	0	833.939693	0
862	emt0.37.2.train_K8.ea4d0b9ea42c11eca965a4c3f04f704a	gmtkEMtrain	8	1349	0	834.847311	0
863	emt0.37.3.train_K8.ea4d0b9ea42c11eca965a4c3f04f704a	gmtkEMtrain	8	1339	0	835.771257	0
864	emt0.37.4.train_K8.ea4d0b9ea42c11eca965a4c3f04f704a	gmtkEMtrain	8	962	0	836.634039	0
865	emt0.37.7.train_K8.ea4d0b9ea42c11eca965a4c3f04f704a	gmtkEMtrain	8	902	0	837.4704919999999	0
866	emt0.37.5.train_K8.ea4d0b9ea42c11eca965a4c3f04f704a	gmtkEMtrain	8	883	0	838.317981	0
867	emt0.37.6.train_K8.ea4d0b9ea42c11eca965a4c3f04f704a	gmtkEMtrain	8	825	0	839.180575	0
868	emt0.37.8.train_K8.ea4d0b9ea42c11eca965a4c3f04f704a	gmtkEMtrain	8	812	0	840.006623	0
869	emt0.37.9.train_K8.ea4d0b9ea42c11eca965a4c3f04f704a	gmtkEMtrain	8	781	0	840.857565	0
870	emt0.37.12.train_K8.ea4d0b9ea42c11eca965a4c3f04f704a	gmtkEMtrain	8	630	0	841.718685	0
871	emt0.37.10.train_K8.ea4d0b9ea42c11eca965a4c3f04f704a	gmtkEMtrain	8	591	0	842.4863320000001	0
872	emt0.37.13.train_K8.ea4d0b9ea42c11eca965a4c3f04f704a	gmtkEMtrain	8	388	0	843.2893710000001	0
873	emt0.37.14.train_K8.ea4d0b9ea42c11eca965a4c3f04f704a	gmtkEMtrain	8	353	0	844.0159610000001	0
874	emt0.37.bundle.train_K8.ea4d0b9ea42c11eca965a4c3f04f704a	gmtkEMtrain	8	0	0	844.600139	0
875	emt0.38.0.train_K8.ea4d0b9ea42c11eca965a4c3f04f704a	gmtkEMtrain	8	2488	0	845.5356	0
876	emt0.38.11.train_K8.ea4d0b9ea42c11eca965a4c3f04f704a	gmtkEMtrain	8	2431	0	846.649186	0
877	emt0.38.15.train_K8.ea4d0b9ea42c11eca965a4c3f04f704a	gmtkEMtrain	8	1979	0	847.595675	0
878	emt0.38.16.train_K8.ea4d0b9ea42c11eca965a4c3f04f704a	gmtkEMtrain	8	1911	0	848.558726	0
879	emt0.38.17.train_K8.ea4d0b9ea42c11eca965a4c3f04f704a	gmtkEMtrain	8	1808	0	849.505367	0
880	emt0.38.18.train_K8.ea4d0b9ea42c11eca965a4c3f04f704a	gmtkEMtrain	8	1708	0	850.432273	0
881	emt0.38.19.train_K8.ea4d0b9ea42c11eca965a4c3f04f704a	gmtkEMtrain	8	1592	0	851.3297610000001	0
882	emt0.38.20.train_K8.ea4d0b9ea42c11eca965a4c3f04f704a	gmtkEMtrain	8	1463	0	852.2367039999999	0
883	emt0.38.21.train_K8.ea4d0b9ea42c11eca965a4c3f04f704a	gmtkEMtrain	8	1412	0	853.108833	0
884	emt0.38.1.train_K8.ea4d0b9ea42c11eca965a4c3f04f704a	gmtkEMtrain	8	1355	0	854.058906	0
885	emt0.38.2.train_K8.ea4d0b9ea42c11eca965a4c3f04f704a	gmtkEMtrain	8	1349	0	855.007382	0
886	emt0.38.3.train_K8.ea4d0b9ea42c11eca965a4c3f04f704a	gmtkEMtrain	8	1339	0	855.8985339999999	0
887	emt0.38.4.train_K8.ea4d0b9ea42c11eca965a4c3f04f704a	gmtkEMtrain	8	962	0	856.750791	0
888	emt0.38.7.train_K8.ea4d0b9ea42c11eca965a4c3f04f704a	gmtkEMtrain	8	902	0	857.556315	0
889	emt0.38.5.train_K8.ea4d0b9ea42c11eca965a4c3f04f704a	gmtkEMtrain	8	883	0	858.4247129999999	0
890	emt0.38.6.train_K8.ea4d0b9ea42c11eca965a4c3f04f704a	gmtkEMtrain	8	825	0	859.289343	0
891	emt0.38.8.train_K8.ea4d0b9ea42c11eca965a4c3f04f704a	gmtkEMtrain	8	812	0	860.1400219999999	0
892	emt0.38.9.train_K8.ea4d0b9ea42c11eca965a4c3f04f704a	gmtkEMtrain	8	781	0	860.957158	0
893	emt0.38.12.train_K8.ea4d0b9ea42c11eca965a4c3f04f704a	gmtkEMtrain	8	630	0	861.772207	0
894	emt0.38.10.train_K8.ea4d0b9ea42c11eca965a4c3f04f704a	gmtkEMtrain	8	591	0	862.555588	0
895	emt0.38.13.train_K8.ea4d0b9ea42c11eca965a4c3f04f704a	gmtkEMtrain	8	388	0	863.3794210000001	0
896	emt0.38.14.train_K8.ea4d0b9ea42c11eca965a4c3f04f704a	gmtkEMtrain	8	353	0	864.171649	0
897	emt0.38.bundle.train_K8.ea4d0b9ea42c11eca965a4c3f04f704a	gmtkEMtrain	8	0	0	864.734369	0
898	emt0.39.0.train_K8.ea4d0b9ea42c11eca965a4c3f04f704a	gmtkEMtrain	8	2488	0	865.788765	0
899	emt0.39.11.train_K8.ea4d0b9ea42c11eca965a4c3f04f704a	gmtkEMtrain	8	2431	0	866.796546	0
900	emt0.39.15.train_K8.ea4d0b9ea42c11eca965a4c3f04f704a	gmtkEMtrain	8	1979	0	867.6449950000001	0
901	emt0.39.16.train_K8.ea4d0b9ea42c11eca965a4c3f04f704a	gmtkEMtrain	8	1911	0	868.496028	0
902	emt0.39.17.train_K8.ea4d0b9ea42c11eca965a4c3f04f704a	gmtkEMtrain	8	1808	0	869.472159	0
903	emt0.39.18.train_K8.ea4d0b9ea42c11eca965a4c3f04f704a	gmtkEMtrain	8	1708	0	870.377793	0
904	emt0.39.19.train_K8.ea4d0b9ea42c11eca965a4c3f04f704a	gmtkEMtrain	8	1592	0	871.293679	0
905	emt0.39.20.train_K8.ea4d0b9ea42c11eca965a4c3f04f704a	gmtkEMtrain	8	1463	0	872.226353	0
906	emt0.39.21.train_K8.ea4d0b9ea42c11eca965a4c3f04f704a	gmtkEMtrain	8	1412	0	873.102541	0
907	emt0.39.1.train_K8.ea4d0b9ea42c11eca965a4c3f04f704a	gmtkEMtrain	8	1355	0	873.953671	0
908	emt0.39.2.train_K8.ea4d0b9ea42c11eca965a4c3f04f704a	gmtkEMtrain	8	1349	0	874.794108	0
909	emt0.39.3.train_K8.ea4d0b9ea42c11eca965a4c3f04f704a	gmtkEMtrain	8	1339	0	875.615679	0
910	emt0.39.4.train_K8.ea4d0b9ea42c11eca965a4c3f04f704a	gmtkEMtrain	8	962	0	876.4134250000001	0
911	emt0.39.7.train_K8.ea4d0b9ea42c11eca965a4c3f04f704a	gmtkEMtrain	8	902	0	877.234424	0
912	emt0.39.5.train_K8.ea4d0b9ea42c11eca965a4c3f04f704a	gmtkEMtrain	8	883	0	878.005625	0
913	emt0.39.6.train_K8.ea4d0b9ea42c11eca965a4c3f04f704a	gmtkEMtrain	8	825	0	878.7936810000001	0
914	emt0.39.8.train_K8.ea4d0b9ea42c11eca965a4c3f04f704a	gmtkEMtrain	8	812	0	879.556302	0
915	emt0.39.9.train_K8.ea4d0b9ea42c11eca965a4c3f04f704a	gmtkEMtrain	8	781	0	880.321948	0
916	emt0.39.12.train_K8.ea4d0b9ea42c11eca965a4c3f04f704a	gmtkEMtrain	8	630	0	881.076615	0
917	emt0.39.10.train_K8.ea4d0b9ea42c11eca965a4c3f04f704a	gmtkEMtrain	8	591	0	881.8045089999999	0
918	emt0.39.13.train_K8.ea4d0b9ea42c11eca965a4c3f04f704a	gmtkEMtrain	8	388	0	882.549978	0
919	emt0.39.14.train_K8.ea4d0b9ea42c11eca965a4c3f04f704a	gmtkEMtrain	8	353	0	883.2577709999999	0
920	emt0.39.bundle.train_K8.ea4d0b9ea42c11eca965a4c3f04f704a	gmtkEMtrain	8	0	0	883.8599409999999	0
921	emt0.40.0.train_K8.ea4d0b9ea42c11eca965a4c3f04f704a	gmtkEMtrain	8	2488	0	884.902949	0
922	emt0.40.11.train_K8.ea4d0b9ea42c11eca965a4c3f04f704a	gmtkEMtrain	8	2431	0	885.979309	0
923	emt0.40.15.train_K8.ea4d0b9ea42c11eca965a4c3f04f704a	gmtkEMtrain	8	1979	0	886.942315	0
924	emt0.40.16.train_K8.ea4d0b9ea42c11eca965a4c3f04f704a	gmtkEMtrain	8	1911	0	887.887628	0
925	emt0.40.17.train_K8.ea4d0b9ea42c11eca965a4c3f04f704a	gmtkEMtrain	8	1808	0	888.8835079999999	0
926	emt0.40.18.train_K8.ea4d0b9ea42c11eca965a4c3f04f704a	gmtkEMtrain	8	1708	0	889.8309939999999	0
927	emt0.40.19.train_K8.ea4d0b9ea42c11eca965a4c3f04f704a	gmtkEMtrain	8	1592	0	890.8045549999999	0
928	emt0.40.20.train_K8.ea4d0b9ea42c11eca965a4c3f04f704a	gmtkEMtrain	8	1463	0	891.753767	0
929	emt0.40.21.train_K8.ea4d0b9ea42c11eca965a4c3f04f704a	gmtkEMtrain	8	1412	0	892.691986	0
930	emt0.40.1.train_K8.ea4d0b9ea42c11eca965a4c3f04f704a	gmtkEMtrain	8	1355	0	893.5523059999999	0
931	emt0.40.2.train_K8.ea4d0b9ea42c11eca965a4c3f04f704a	gmtkEMtrain	8	1349	0	894.426379	0
932	emt0.40.3.train_K8.ea4d0b9ea42c11eca965a4c3f04f704a	gmtkEMtrain	8	1339	0	895.2749729999999	0
933	emt0.40.4.train_K8.ea4d0b9ea42c11eca965a4c3f04f704a	gmtkEMtrain	8	962	0	896.2076020000001	0
934	emt0.40.7.train_K8.ea4d0b9ea42c11eca965a4c3f04f704a	gmtkEMtrain	8	902	0	896.974525	0
935	emt0.40.5.train_K8.ea4d0b9ea42c11eca965a4c3f04f704a	gmtkEMtrain	8	883	0	897.7507549999999	0
936	emt0.40.6.train_K8.ea4d0b9ea42c11eca965a4c3f04f704a	gmtkEMtrain	8	825	0	898.5156710000001	0
937	emt0.40.8.train_K8.ea4d0b9ea42c11eca965a4c3f04f704a	gmtkEMtrain	8	812	0	899.369445	0
938	emt0.40.9.train_K8.ea4d0b9ea42c11eca965a4c3f04f704a	gmtkEMtrain	8	781	0	900.214876	0
939	emt0.40.12.train_K8.ea4d0b9ea42c11eca965a4c3f04f704a	gmtkEMtrain	8	630	0	900.9522890000001	0
940	emt0.40.10.train_K8.ea4d0b9ea42c11eca965a4c3f04f704a	gmtkEMtrain	8	591	0	901.707304	0
941	emt0.40.13.train_K8.ea4d0b9ea42c11eca965a4c3f04f704a	gmtkEMtrain	8	388	0	902.432376	0
942	emt0.40.14.train_K8.ea4d0b9ea42c11eca965a4c3f04f704a	gmtkEMtrain	8	353	0	903.214054	0
943	emt0.40.bundle.train_K8.ea4d0b9ea42c11eca965a4c3f04f704a	gmtkEMtrain	8	0	0	903.80836	0
944	emt0.41.0.train_K8.ea4d0b9ea42c11eca965a4c3f04f704a	gmtkEMtrain	8	2488	0	904.763598	0
945	emt0.41.11.train_K8.ea4d0b9ea42c11eca965a4c3f04f704a	gmtkEMtrain	8	2431	0	905.841766	0
946	emt0.41.15.train_K8.ea4d0b9ea42c11eca965a4c3f04f704a	gmtkEMtrain	8	1979	0	906.791609	0
947	emt0.41.16.train_K8.ea4d0b9ea42c11eca965a4c3f04f704a	gmtkEMtrain	8	1911	0	907.765397	0
948	emt0.41.17.train_K8.ea4d0b9ea42c11eca965a4c3f04f704a	gmtkEMtrain	8	1808	0	908.708904	0
949	emt0.41.18.train_K8.ea4d0b9ea42c11eca965a4c3f04f704a	gmtkEMtrain	8	1708	0	909.518377	0
950	emt0.41.19.train_K8.ea4d0b9ea42c11eca965a4c3f04f704a	gmtkEMtrain	8	1592	0	910.4604609999999	0
951	emt0.41.20.train_K8.ea4d0b9ea42c11eca965a4c3f04f704a	gmtkEMtrain	8	1463	0	911.346538	0
952	emt0.41.21.train_K8.ea4d0b9ea42c11eca965a4c3f04f704a	gmtkEMtrain	8	1412	0	912.098981	0
953	emt0.41.1.train_K8.ea4d0b9ea42c11eca965a4c3f04f704a	gmtkEMtrain	8	1355	0	912.949434	0
954	emt0.41.2.train_K8.ea4d0b9ea42c11eca965a4c3f04f704a	gmtkEMtrain	8	1349	0	913.798445	0
955	emt0.41.3.train_K8.ea4d0b9ea42c11eca965a4c3f04f704a	gmtkEMtrain	8	1339	0	914.66605	0
956	emt0.41.4.train_K8.ea4d0b9ea42c11eca965a4c3f04f704a	gmtkEMtrain	8	962	0	915.454399	0
957	emt0.41.7.train_K8.ea4d0b9ea42c11eca965a4c3f04f704a	gmtkEMtrain	8	902	0	916.227416	0
958	emt0.41.5.train_K8.ea4d0b9ea42c11eca965a4c3f04f704a	gmtkEMtrain	8	883	0	917.057606	0
959	emt0.41.6.train_K8.ea4d0b9ea42c11eca965a4c3f04f704a	gmtkEMtrain	8	825	0	917.81213	0
960	emt0.41.8.train_K8.ea4d0b9ea42c11eca965a4c3f04f704a	gmtkEMtrain	8	812	0	918.585395	0
961	emt0.41.9.train_K8.ea4d0b9ea42c11eca965a4c3f04f704a	gmtkEMtrain	8	781	0	919.405501	0
962	emt0.41.12.train_K8.ea4d0b9ea42c11eca965a4c3f04f704a	gmtkEMtrain	8	630	0	920.221513	0
963	emt0.41.10.train_K8.ea4d0b9ea42c11eca965a4c3f04f704a	gmtkEMtrain	8	591	0	920.9908270000001	0
964	emt0.41.13.train_K8.ea4d0b9ea42c11eca965a4c3f04f704a	gmtkEMtrain	8	388	0	921.700879	0
965	emt0.41.14.train_K8.ea4d0b9ea42c11eca965a4c3f04f704a	gmtkEMtrain	8	353	0	922.395672	0
966	emt0.41.bundle.train_K8.ea4d0b9ea42c11eca965a4c3f04f704a	gmtkEMtrain	8	0	0	922.9458579999999	0
967	emt0.42.0.train_K8.ea4d0b9ea42c11eca965a4c3f04f704a	gmtkEMtrain	8	2488	0	923.959531	0
968	emt0.42.11.train_K8.ea4d0b9ea42c11eca965a4c3f04f704a	gmtkEMtrain	8	2431	0	925.036773	0
969	emt0.42.15.train_K8.ea4d0b9ea42c11eca965a4c3f04f704a	gmtkEMtrain	8	1979	0	925.925896	0
970	emt0.42.16.train_K8.ea4d0b9ea42c11eca965a4c3f04f704a	gmtkEMtrain	8	1911	0	926.866575	0
971	emt0.42.17.train_K8.ea4d0b9ea42c11eca965a4c3f04f704a	gmtkEMtrain	8	1808	0	927.723486	0
972	emt0.42.18.train_K8.ea4d0b9ea42c11eca965a4c3f04f704a	gmtkEMtrain	8	1708	0	928.558598	0
973	emt0.42.19.train_K8.ea4d0b9ea42c11eca965a4c3f04f704a	gmtkEMtrain	8	1592	0	929.5253359999999	0
974	emt0.42.20.train_K8.ea4d0b9ea42c11eca965a4c3f04f704a	gmtkEMtrain	8	1463	0	930.3891679999999	0
975	emt0.42.21.train_K8.ea4d0b9ea42c11eca965a4c3f04f704a	gmtkEMtrain	8	1412	0	931.291241	0
976	emt0.42.1.train_K8.ea4d0b9ea42c11eca965a4c3f04f704a	gmtkEMtrain	8	1355	0	932.160741	0
977	emt0.42.2.train_K8.ea4d0b9ea42c11eca965a4c3f04f704a	gmtkEMtrain	8	1349	0	933.0122729999999	0
978	emt0.42.3.train_K8.ea4d0b9ea42c11eca965a4c3f04f704a	gmtkEMtrain	8	1339	0	933.916883	0
979	emt0.42.4.train_K8.ea4d0b9ea42c11eca965a4c3f04f704a	gmtkEMtrain	8	962	0	934.769022	0
980	emt0.42.7.train_K8.ea4d0b9ea42c11eca965a4c3f04f704a	gmtkEMtrain	8	902	0	935.607421	0
981	emt0.42.5.train_K8.ea4d0b9ea42c11eca965a4c3f04f704a	gmtkEMtrain	8	883	0	936.413756	0
982	emt0.42.6.train_K8.ea4d0b9ea42c11eca965a4c3f04f704a	gmtkEMtrain	8	825	0	937.2025649999999	0
983	emt0.42.8.train_K8.ea4d0b9ea42c11eca965a4c3f04f704a	gmtkEMtrain	8	812	0	938.0277000000001	0
984	emt0.42.9.train_K8.ea4d0b9ea42c11eca965a4c3f04f704a	gmtkEMtrain	8	781	0	938.820476	0
985	emt0.42.12.train_K8.ea4d0b9ea42c11eca965a4c3f04f704a	gmtkEMtrain	8	630	0	939.6471700000001	0
986	emt0.42.10.train_K8.ea4d0b9ea42c11eca965a4c3f04f704a	gmtkEMtrain	8	591	0	940.432364	0
987	emt0.42.13.train_K8.ea4d0b9ea42c11eca965a4c3f04f704a	gmtkEMtrain	8	388	0	941.1911680000001	0
988	emt0.42.14.train_K8.ea4d0b9ea42c11eca965a4c3f04f704a	gmtkEMtrain	8	353	0	941.841478	0
989	emt0.42.bundle.train_K8.ea4d0b9ea42c11eca965a4c3f04f704a	gmtkEMtrain	8	0	0	942.489448	0
990	emt0.43.0.train_K8.ea4d0b9ea42c11eca965a4c3f04f704a	gmtkEMtrain	8	2488	0	943.598538	0
991	emt0.43.11.train_K8.ea4d0b9ea42c11eca965a4c3f04f704a	gmtkEMtrain	8	2431	0	944.5576169999999	0
992	emt0.43.15.train_K8.ea4d0b9ea42c11eca965a4c3f04f704a	gmtkEMtrain	8	1979	0	945.526983	0
993	emt0.43.16.train_K8.ea4d0b9ea42c11eca965a4c3f04f704a	gmtkEMtrain	8	1911	0	946.495864	0
994	emt0.43.17.train_K8.ea4d0b9ea42c11eca965a4c3f04f704a	gmtkEMtrain	8	1808	0	947.465804	0
995	emt0.43.18.train_K8.ea4d0b9ea42c11eca965a4c3f04f704a	gmtkEMtrain	8	1708	0	948.4478369999999	0
996	emt0.43.19.train_K8.ea4d0b9ea42c11eca965a4c3f04f704a	gmtkEMtrain	8	1592	0	949.4102899999999	0
