jobid	jobname	prog	num_segs	num_frames	maxvmem	cpu	exit_status
1	emt0.0.0.traindir_res100000_k4.0824969aa35211ec999da4c3f04f704a	gmtkEMtrain	4	2488	0	1.383922	0
2	emt0.0.11.traindir_res100000_k4.0824969aa35211ec999da4c3f04f704a	gmtkEMtrain	4	2431	0	2.672116	0
3	emt0.0.15.traindir_res100000_k4.0824969aa35211ec999da4c3f04f704a	gmtkEMtrain	4	1979	0	3.915145	0
4	emt0.0.16.traindir_res100000_k4.0824969aa35211ec999da4c3f04f704a	gmtkEMtrain	4	1911	0	5.17844	0
5	emt0.0.17.traindir_res100000_k4.0824969aa35211ec999da4c3f04f704a	gmtkEMtrain	4	1808	0	6.331109	0
6	emt0.0.18.traindir_res100000_k4.0824969aa35211ec999da4c3f04f704a	gmtkEMtrain	4	1708	0	7.459327	0
7	emt0.0.19.traindir_res100000_k4.0824969aa35211ec999da4c3f04f704a	gmtkEMtrain	4	1592	0	8.635425999999999	0
8	emt0.0.20.traindir_res100000_k4.0824969aa35211ec999da4c3f04f704a	gmtkEMtrain	4	1463	0	9.789624	0
9	emt0.0.21.traindir_res100000_k4.0824969aa35211ec999da4c3f04f704a	gmtkEMtrain	4	1412	0	10.867341999999999	0
10	emt0.0.1.traindir_res100000_k4.0824969aa35211ec999da4c3f04f704a	gmtkEMtrain	4	1355	0	11.962536	0
11	emt0.0.2.traindir_res100000_k4.0824969aa35211ec999da4c3f04f704a	gmtkEMtrain	4	1349	0	13.074166	0
12	emt0.0.3.traindir_res100000_k4.0824969aa35211ec999da4c3f04f704a	gmtkEMtrain	4	1339	0	14.162216999999998	0
13	emt0.0.4.traindir_res100000_k4.0824969aa35211ec999da4c3f04f704a	gmtkEMtrain	4	962	0	15.216209	0
14	emt0.0.7.traindir_res100000_k4.0824969aa35211ec999da4c3f04f704a	gmtkEMtrain	4	902	0	16.194009	0
15	emt0.0.5.traindir_res100000_k4.0824969aa35211ec999da4c3f04f704a	gmtkEMtrain	4	883	0	17.154359	0
16	emt0.0.6.traindir_res100000_k4.0824969aa35211ec999da4c3f04f704a	gmtkEMtrain	4	825	0	18.138797	0
17	emt0.0.8.traindir_res100000_k4.0824969aa35211ec999da4c3f04f704a	gmtkEMtrain	4	812	0	19.087415999999997	0
18	emt0.0.9.traindir_res100000_k4.0824969aa35211ec999da4c3f04f704a	gmtkEMtrain	4	781	0	20.117422	0
19	emt0.0.12.traindir_res100000_k4.0824969aa35211ec999da4c3f04f704a	gmtkEMtrain	4	630	0	20.9972	0
20	emt0.0.10.traindir_res100000_k4.0824969aa35211ec999da4c3f04f704a	gmtkEMtrain	4	591	0	21.965083	0
21	emt0.0.13.traindir_res100000_k4.0824969aa35211ec999da4c3f04f704a	gmtkEMtrain	4	388	0	22.94985	0
22	emt0.0.14.traindir_res100000_k4.0824969aa35211ec999da4c3f04f704a	gmtkEMtrain	4	353	0	23.816163	0
23	emt0.0.bundle.traindir_res100000_k4.0824969aa35211ec999da4c3f04f704a	gmtkEMtrain	4	0	0	24.531076	0
25	emt0.1.11.traindir_res100000_k4.0824969aa35211ec999da4c3f04f704a	gmtkEMtrain	4	2431	0	25.835298	0
26	emt0.1.15.traindir_res100000_k4.0824969aa35211ec999da4c3f04f704a	gmtkEMtrain	4	1979	0	27.046431000000002	0
27	emt0.1.16.traindir_res100000_k4.0824969aa35211ec999da4c3f04f704a	gmtkEMtrain	4	1911	0	28.267955	0
28	emt0.1.17.traindir_res100000_k4.0824969aa35211ec999da4c3f04f704a	gmtkEMtrain	4	1808	0	29.529342	0
29	emt0.1.18.traindir_res100000_k4.0824969aa35211ec999da4c3f04f704a	gmtkEMtrain	4	1708	0	30.727584999999998	0
30	emt0.1.19.traindir_res100000_k4.0824969aa35211ec999da4c3f04f704a	gmtkEMtrain	4	1592	0	31.95015	0
31	emt0.1.20.traindir_res100000_k4.0824969aa35211ec999da4c3f04f704a	gmtkEMtrain	4	1463	0	33.106162	0
32	emt0.1.21.traindir_res100000_k4.0824969aa35211ec999da4c3f04f704a	gmtkEMtrain	4	1412	0	34.252938	0
33	emt0.1.1.traindir_res100000_k4.0824969aa35211ec999da4c3f04f704a	gmtkEMtrain	4	1355	0	35.428617	0
34	emt0.1.2.traindir_res100000_k4.0824969aa35211ec999da4c3f04f704a	gmtkEMtrain	4	1349	0	36.56054	0
35	emt0.1.3.traindir_res100000_k4.0824969aa35211ec999da4c3f04f704a	gmtkEMtrain	4	1339	0	37.710174	0
36	emt0.1.4.traindir_res100000_k4.0824969aa35211ec999da4c3f04f704a	gmtkEMtrain	4	962	0	38.821526	0
37	emt0.1.7.traindir_res100000_k4.0824969aa35211ec999da4c3f04f704a	gmtkEMtrain	4	902	0	39.958227	0
38	emt0.1.5.traindir_res100000_k4.0824969aa35211ec999da4c3f04f704a	gmtkEMtrain	4	883	0	40.995751	0
39	emt0.1.6.traindir_res100000_k4.0824969aa35211ec999da4c3f04f704a	gmtkEMtrain	4	825	0	42.001643	0
40	emt0.1.8.traindir_res100000_k4.0824969aa35211ec999da4c3f04f704a	gmtkEMtrain	4	812	0	43.064074000000005	0
41	emt0.1.9.traindir_res100000_k4.0824969aa35211ec999da4c3f04f704a	gmtkEMtrain	4	781	0	44.059038	0
42	emt0.1.12.traindir_res100000_k4.0824969aa35211ec999da4c3f04f704a	gmtkEMtrain	4	630	0	45.164935	0
43	emt0.1.10.traindir_res100000_k4.0824969aa35211ec999da4c3f04f704a	gmtkEMtrain	4	591	0	46.227872	0
44	emt0.1.13.traindir_res100000_k4.0824969aa35211ec999da4c3f04f704a	gmtkEMtrain	4	388	0	47.198208	0
45	emt0.1.14.traindir_res100000_k4.0824969aa35211ec999da4c3f04f704a	gmtkEMtrain	4	353	0	48.128618	0
24	emt0.1.0.traindir_res100000_k4.0824969aa35211ec999da4c3f04f704a	gmtkEMtrain	4	2488	0	49.49488	0
46	emt0.1.bundle.traindir_res100000_k4.0824969aa35211ec999da4c3f04f704a	gmtkEMtrain	4	0	0	50.053952	0
47	emt0.2.0.traindir_res100000_k4.0824969aa35211ec999da4c3f04f704a	gmtkEMtrain	4	2488	0	51.125437999999995	0
48	emt0.2.11.traindir_res100000_k4.0824969aa35211ec999da4c3f04f704a	gmtkEMtrain	4	2431	0	52.112325	0
49	emt0.2.15.traindir_res100000_k4.0824969aa35211ec999da4c3f04f704a	gmtkEMtrain	4	1979	0	53.077124	0
50	emt0.2.16.traindir_res100000_k4.0824969aa35211ec999da4c3f04f704a	gmtkEMtrain	4	1911	0	54.0316	0
51	emt0.2.17.traindir_res100000_k4.0824969aa35211ec999da4c3f04f704a	gmtkEMtrain	4	1808	0	54.950019999999995	0
52	emt0.2.18.traindir_res100000_k4.0824969aa35211ec999da4c3f04f704a	gmtkEMtrain	4	1708	0	55.888352	0
53	emt0.2.19.traindir_res100000_k4.0824969aa35211ec999da4c3f04f704a	gmtkEMtrain	4	1592	0	56.783037	0
54	emt0.2.20.traindir_res100000_k4.0824969aa35211ec999da4c3f04f704a	gmtkEMtrain	4	1463	0	57.634299999999996	0
55	emt0.2.21.traindir_res100000_k4.0824969aa35211ec999da4c3f04f704a	gmtkEMtrain	4	1412	0	58.523506000000005	0
56	emt0.2.1.traindir_res100000_k4.0824969aa35211ec999da4c3f04f704a	gmtkEMtrain	4	1355	0	59.436792	0
57	emt0.2.2.traindir_res100000_k4.0824969aa35211ec999da4c3f04f704a	gmtkEMtrain	4	1349	0	60.312571000000005	0
58	emt0.2.3.traindir_res100000_k4.0824969aa35211ec999da4c3f04f704a	gmtkEMtrain	4	1339	0	61.182992	0
59	emt0.2.4.traindir_res100000_k4.0824969aa35211ec999da4c3f04f704a	gmtkEMtrain	4	962	0	61.984823	0
60	emt0.2.7.traindir_res100000_k4.0824969aa35211ec999da4c3f04f704a	gmtkEMtrain	4	902	0	62.751014	0
61	emt0.2.5.traindir_res100000_k4.0824969aa35211ec999da4c3f04f704a	gmtkEMtrain	4	883	0	63.528762	0
62	emt0.2.6.traindir_res100000_k4.0824969aa35211ec999da4c3f04f704a	gmtkEMtrain	4	825	0	64.324592	0
63	emt0.2.8.traindir_res100000_k4.0824969aa35211ec999da4c3f04f704a	gmtkEMtrain	4	812	0	65.082791	0
64	emt0.2.9.traindir_res100000_k4.0824969aa35211ec999da4c3f04f704a	gmtkEMtrain	4	781	0	65.852822	0
65	emt0.2.12.traindir_res100000_k4.0824969aa35211ec999da4c3f04f704a	gmtkEMtrain	4	630	0	66.620358	0
66	emt0.2.10.traindir_res100000_k4.0824969aa35211ec999da4c3f04f704a	gmtkEMtrain	4	591	0	67.35337100000001	0
67	emt0.2.13.traindir_res100000_k4.0824969aa35211ec999da4c3f04f704a	gmtkEMtrain	4	388	0	68.19721200000001	0
68	emt0.2.14.traindir_res100000_k4.0824969aa35211ec999da4c3f04f704a	gmtkEMtrain	4	353	0	68.890061	0
69	emt0.2.bundle.traindir_res100000_k4.0824969aa35211ec999da4c3f04f704a	gmtkEMtrain	4	0	0	69.52430000000001	0
70	emt0.3.0.traindir_res100000_k4.0824969aa35211ec999da4c3f04f704a	gmtkEMtrain	4	2488	0	70.606356	0
71	emt0.3.11.traindir_res100000_k4.0824969aa35211ec999da4c3f04f704a	gmtkEMtrain	4	2431	0	71.702896	0
72	emt0.3.15.traindir_res100000_k4.0824969aa35211ec999da4c3f04f704a	gmtkEMtrain	4	1979	0	72.753001	0
73	emt0.3.16.traindir_res100000_k4.0824969aa35211ec999da4c3f04f704a	gmtkEMtrain	4	1911	0	73.775293	0
74	emt0.3.17.traindir_res100000_k4.0824969aa35211ec999da4c3f04f704a	gmtkEMtrain	4	1808	0	74.7844	0
75	emt0.3.18.traindir_res100000_k4.0824969aa35211ec999da4c3f04f704a	gmtkEMtrain	4	1708	0	75.740458	0
76	emt0.3.19.traindir_res100000_k4.0824969aa35211ec999da4c3f04f704a	gmtkEMtrain	4	1592	0	76.704448	0
77	emt0.3.20.traindir_res100000_k4.0824969aa35211ec999da4c3f04f704a	gmtkEMtrain	4	1463	0	77.668396	0
78	emt0.3.21.traindir_res100000_k4.0824969aa35211ec999da4c3f04f704a	gmtkEMtrain	4	1412	0	78.493549	0
79	emt0.3.1.traindir_res100000_k4.0824969aa35211ec999da4c3f04f704a	gmtkEMtrain	4	1355	0	79.416039	0
80	emt0.3.2.traindir_res100000_k4.0824969aa35211ec999da4c3f04f704a	gmtkEMtrain	4	1349	0	80.399954	0
81	emt0.3.3.traindir_res100000_k4.0824969aa35211ec999da4c3f04f704a	gmtkEMtrain	4	1339	0	81.389951	0
82	emt0.3.4.traindir_res100000_k4.0824969aa35211ec999da4c3f04f704a	gmtkEMtrain	4	962	0	82.328666	0
83	emt0.3.7.traindir_res100000_k4.0824969aa35211ec999da4c3f04f704a	gmtkEMtrain	4	902	0	83.21413199999999	0
84	emt0.3.5.traindir_res100000_k4.0824969aa35211ec999da4c3f04f704a	gmtkEMtrain	4	883	0	84.114496	0
85	emt0.3.6.traindir_res100000_k4.0824969aa35211ec999da4c3f04f704a	gmtkEMtrain	4	825	0	84.96607	0
86	emt0.3.8.traindir_res100000_k4.0824969aa35211ec999da4c3f04f704a	gmtkEMtrain	4	812	0	85.805735	0
87	emt0.3.9.traindir_res100000_k4.0824969aa35211ec999da4c3f04f704a	gmtkEMtrain	4	781	0	86.71292000000001	0
88	emt0.3.12.traindir_res100000_k4.0824969aa35211ec999da4c3f04f704a	gmtkEMtrain	4	630	0	87.571026	0
89	emt0.3.10.traindir_res100000_k4.0824969aa35211ec999da4c3f04f704a	gmtkEMtrain	4	591	0	88.434832	0
90	emt0.3.13.traindir_res100000_k4.0824969aa35211ec999da4c3f04f704a	gmtkEMtrain	4	388	0	89.2549	0
91	emt0.3.14.traindir_res100000_k4.0824969aa35211ec999da4c3f04f704a	gmtkEMtrain	4	353	0	90.092349	0
92	emt0.3.bundle.traindir_res100000_k4.0824969aa35211ec999da4c3f04f704a	gmtkEMtrain	4	0	0	90.687647	0
93	emt0.4.0.traindir_res100000_k4.0824969aa35211ec999da4c3f04f704a	gmtkEMtrain	4	2488	0	91.714445	0
94	emt0.4.11.traindir_res100000_k4.0824969aa35211ec999da4c3f04f704a	gmtkEMtrain	4	2431	0	92.695386	0
95	emt0.4.15.traindir_res100000_k4.0824969aa35211ec999da4c3f04f704a	gmtkEMtrain	4	1979	0	93.651851	0
96	emt0.4.16.traindir_res100000_k4.0824969aa35211ec999da4c3f04f704a	gmtkEMtrain	4	1911	0	94.576861	0
97	emt0.4.17.traindir_res100000_k4.0824969aa35211ec999da4c3f04f704a	gmtkEMtrain	4	1808	0	95.468029	0
98	emt0.4.18.traindir_res100000_k4.0824969aa35211ec999da4c3f04f704a	gmtkEMtrain	4	1708	0	96.344156	0
99	emt0.4.19.traindir_res100000_k4.0824969aa35211ec999da4c3f04f704a	gmtkEMtrain	4	1592	0	97.236919	0
100	emt0.4.20.traindir_res100000_k4.0824969aa35211ec999da4c3f04f704a	gmtkEMtrain	4	1463	0	98.14386200000001	0
101	emt0.4.21.traindir_res100000_k4.0824969aa35211ec999da4c3f04f704a	gmtkEMtrain	4	1412	0	99.01269500000001	0
102	emt0.4.1.traindir_res100000_k4.0824969aa35211ec999da4c3f04f704a	gmtkEMtrain	4	1355	0	99.881975	0
103	emt0.4.2.traindir_res100000_k4.0824969aa35211ec999da4c3f04f704a	gmtkEMtrain	4	1349	0	100.74149299999999	0
104	emt0.4.3.traindir_res100000_k4.0824969aa35211ec999da4c3f04f704a	gmtkEMtrain	4	1339	0	101.61698000000001	0
105	emt0.4.4.traindir_res100000_k4.0824969aa35211ec999da4c3f04f704a	gmtkEMtrain	4	962	0	102.463185	0
106	emt0.4.7.traindir_res100000_k4.0824969aa35211ec999da4c3f04f704a	gmtkEMtrain	4	902	0	103.313596	0
107	emt0.4.5.traindir_res100000_k4.0824969aa35211ec999da4c3f04f704a	gmtkEMtrain	4	883	0	104.18600799999999	0
108	emt0.4.6.traindir_res100000_k4.0824969aa35211ec999da4c3f04f704a	gmtkEMtrain	4	825	0	105.058815	0
109	emt0.4.8.traindir_res100000_k4.0824969aa35211ec999da4c3f04f704a	gmtkEMtrain	4	812	0	105.847641	0
110	emt0.4.9.traindir_res100000_k4.0824969aa35211ec999da4c3f04f704a	gmtkEMtrain	4	781	0	106.665144	0
111	emt0.4.12.traindir_res100000_k4.0824969aa35211ec999da4c3f04f704a	gmtkEMtrain	4	630	0	107.456752	0
112	emt0.4.10.traindir_res100000_k4.0824969aa35211ec999da4c3f04f704a	gmtkEMtrain	4	591	0	108.303147	0
113	emt0.4.13.traindir_res100000_k4.0824969aa35211ec999da4c3f04f704a	gmtkEMtrain	4	388	0	109.078406	0
114	emt0.4.14.traindir_res100000_k4.0824969aa35211ec999da4c3f04f704a	gmtkEMtrain	4	353	0	109.885267	0
115	emt0.4.bundle.traindir_res100000_k4.0824969aa35211ec999da4c3f04f704a	gmtkEMtrain	4	0	0	110.34116	0
116	emt0.5.0.traindir_res100000_k4.0824969aa35211ec999da4c3f04f704a	gmtkEMtrain	4	2488	0	111.336916	0
117	emt0.5.11.traindir_res100000_k4.0824969aa35211ec999da4c3f04f704a	gmtkEMtrain	4	2431	0	112.31890899999999	0
118	emt0.5.15.traindir_res100000_k4.0824969aa35211ec999da4c3f04f704a	gmtkEMtrain	4	1979	0	113.280491	0
119	emt0.5.16.traindir_res100000_k4.0824969aa35211ec999da4c3f04f704a	gmtkEMtrain	4	1911	0	114.16581199999999	0
120	emt0.5.17.traindir_res100000_k4.0824969aa35211ec999da4c3f04f704a	gmtkEMtrain	4	1808	0	115.071112	0
121	emt0.5.18.traindir_res100000_k4.0824969aa35211ec999da4c3f04f704a	gmtkEMtrain	4	1708	0	115.972385	0
122	emt0.5.19.traindir_res100000_k4.0824969aa35211ec999da4c3f04f704a	gmtkEMtrain	4	1592	0	116.91252	0
123	emt0.5.20.traindir_res100000_k4.0824969aa35211ec999da4c3f04f704a	gmtkEMtrain	4	1463	0	117.80761799999999	0
124	emt0.5.21.traindir_res100000_k4.0824969aa35211ec999da4c3f04f704a	gmtkEMtrain	4	1412	0	118.65938200000001	0
125	emt0.5.1.traindir_res100000_k4.0824969aa35211ec999da4c3f04f704a	gmtkEMtrain	4	1355	0	119.50274999999999	0
126	emt0.5.2.traindir_res100000_k4.0824969aa35211ec999da4c3f04f704a	gmtkEMtrain	4	1349	0	120.339294	0
127	emt0.5.3.traindir_res100000_k4.0824969aa35211ec999da4c3f04f704a	gmtkEMtrain	4	1339	0	121.241125	0
128	emt0.5.4.traindir_res100000_k4.0824969aa35211ec999da4c3f04f704a	gmtkEMtrain	4	962	0	122.073603	0
129	emt0.5.7.traindir_res100000_k4.0824969aa35211ec999da4c3f04f704a	gmtkEMtrain	4	902	0	122.885005	0
130	emt0.5.5.traindir_res100000_k4.0824969aa35211ec999da4c3f04f704a	gmtkEMtrain	4	883	0	123.619271	0
131	emt0.5.6.traindir_res100000_k4.0824969aa35211ec999da4c3f04f704a	gmtkEMtrain	4	825	0	124.393249	0
132	emt0.5.8.traindir_res100000_k4.0824969aa35211ec999da4c3f04f704a	gmtkEMtrain	4	812	0	125.156939	0
133	emt0.5.9.traindir_res100000_k4.0824969aa35211ec999da4c3f04f704a	gmtkEMtrain	4	781	0	125.952479	0
134	emt0.5.12.traindir_res100000_k4.0824969aa35211ec999da4c3f04f704a	gmtkEMtrain	4	630	0	126.73344900000001	0
135	emt0.5.10.traindir_res100000_k4.0824969aa35211ec999da4c3f04f704a	gmtkEMtrain	4	591	0	127.479545	0
136	emt0.5.13.traindir_res100000_k4.0824969aa35211ec999da4c3f04f704a	gmtkEMtrain	4	388	0	128.273224	0
137	emt0.5.14.traindir_res100000_k4.0824969aa35211ec999da4c3f04f704a	gmtkEMtrain	4	353	0	129.095491	0
138	emt0.5.bundle.traindir_res100000_k4.0824969aa35211ec999da4c3f04f704a	gmtkEMtrain	4	0	0	129.683758	0
139	emt0.6.0.traindir_res100000_k4.0824969aa35211ec999da4c3f04f704a	gmtkEMtrain	4	2488	0	130.619647	0
140	emt0.6.11.traindir_res100000_k4.0824969aa35211ec999da4c3f04f704a	gmtkEMtrain	4	2431	0	131.614249	0
141	emt0.6.15.traindir_res100000_k4.0824969aa35211ec999da4c3f04f704a	gmtkEMtrain	4	1979	0	132.525688	0
142	emt0.6.16.traindir_res100000_k4.0824969aa35211ec999da4c3f04f704a	gmtkEMtrain	4	1911	0	133.472555	0
143	emt0.6.17.traindir_res100000_k4.0824969aa35211ec999da4c3f04f704a	gmtkEMtrain	4	1808	0	134.315756	0
144	emt0.6.18.traindir_res100000_k4.0824969aa35211ec999da4c3f04f704a	gmtkEMtrain	4	1708	0	135.172079	0
145	emt0.6.19.traindir_res100000_k4.0824969aa35211ec999da4c3f04f704a	gmtkEMtrain	4	1592	0	136.008116	0
146	emt0.6.20.traindir_res100000_k4.0824969aa35211ec999da4c3f04f704a	gmtkEMtrain	4	1463	0	136.893302	0
147	emt0.6.21.traindir_res100000_k4.0824969aa35211ec999da4c3f04f704a	gmtkEMtrain	4	1412	0	137.745148	0
148	emt0.6.1.traindir_res100000_k4.0824969aa35211ec999da4c3f04f704a	gmtkEMtrain	4	1355	0	138.631319	0
149	emt0.6.2.traindir_res100000_k4.0824969aa35211ec999da4c3f04f704a	gmtkEMtrain	4	1349	0	139.496941	0
150	emt0.6.3.traindir_res100000_k4.0824969aa35211ec999da4c3f04f704a	gmtkEMtrain	4	1339	0	140.319795	0
151	emt0.6.4.traindir_res100000_k4.0824969aa35211ec999da4c3f04f704a	gmtkEMtrain	4	962	0	141.152538	0
152	emt0.6.7.traindir_res100000_k4.0824969aa35211ec999da4c3f04f704a	gmtkEMtrain	4	902	0	141.930009	0
153	emt0.6.5.traindir_res100000_k4.0824969aa35211ec999da4c3f04f704a	gmtkEMtrain	4	883	0	142.72231299999999	0
154	emt0.6.6.traindir_res100000_k4.0824969aa35211ec999da4c3f04f704a	gmtkEMtrain	4	825	0	143.50738	0
155	emt0.6.8.traindir_res100000_k4.0824969aa35211ec999da4c3f04f704a	gmtkEMtrain	4	812	0	144.29859	0
156	emt0.6.9.traindir_res100000_k4.0824969aa35211ec999da4c3f04f704a	gmtkEMtrain	4	781	0	145.083404	0
157	emt0.6.12.traindir_res100000_k4.0824969aa35211ec999da4c3f04f704a	gmtkEMtrain	4	630	0	145.87116	0
158	emt0.6.10.traindir_res100000_k4.0824969aa35211ec999da4c3f04f704a	gmtkEMtrain	4	591	0	146.65717899999999	0
159	emt0.6.13.traindir_res100000_k4.0824969aa35211ec999da4c3f04f704a	gmtkEMtrain	4	388	0	147.452463	0
160	emt0.6.14.traindir_res100000_k4.0824969aa35211ec999da4c3f04f704a	gmtkEMtrain	4	353	0	148.265502	0
161	emt0.6.bundle.traindir_res100000_k4.0824969aa35211ec999da4c3f04f704a	gmtkEMtrain	4	0	0	148.840432	0
162	emt0.7.0.traindir_res100000_k4.0824969aa35211ec999da4c3f04f704a	gmtkEMtrain	4	2488	0	149.78305	0
163	emt0.7.11.traindir_res100000_k4.0824969aa35211ec999da4c3f04f704a	gmtkEMtrain	4	2431	0	150.666834	0
164	emt0.7.15.traindir_res100000_k4.0824969aa35211ec999da4c3f04f704a	gmtkEMtrain	4	1979	0	151.596939	0
165	emt0.7.16.traindir_res100000_k4.0824969aa35211ec999da4c3f04f704a	gmtkEMtrain	4	1911	0	152.473757	0
166	emt0.7.17.traindir_res100000_k4.0824969aa35211ec999da4c3f04f704a	gmtkEMtrain	4	1808	0	153.363581	0
167	emt0.7.18.traindir_res100000_k4.0824969aa35211ec999da4c3f04f704a	gmtkEMtrain	4	1708	0	154.267181	0
168	emt0.7.19.traindir_res100000_k4.0824969aa35211ec999da4c3f04f704a	gmtkEMtrain	4	1592	0	155.075205	0
169	emt0.7.20.traindir_res100000_k4.0824969aa35211ec999da4c3f04f704a	gmtkEMtrain	4	1463	0	155.90777500000002	0
170	emt0.7.21.traindir_res100000_k4.0824969aa35211ec999da4c3f04f704a	gmtkEMtrain	4	1412	0	156.749308	0
171	emt0.7.1.traindir_res100000_k4.0824969aa35211ec999da4c3f04f704a	gmtkEMtrain	4	1355	0	157.56851	0
172	emt0.7.2.traindir_res100000_k4.0824969aa35211ec999da4c3f04f704a	gmtkEMtrain	4	1349	0	158.37006699999998	0
173	emt0.7.3.traindir_res100000_k4.0824969aa35211ec999da4c3f04f704a	gmtkEMtrain	4	1339	0	159.157503	0
174	emt0.7.4.traindir_res100000_k4.0824969aa35211ec999da4c3f04f704a	gmtkEMtrain	4	962	0	159.924169	0
175	emt0.7.7.traindir_res100000_k4.0824969aa35211ec999da4c3f04f704a	gmtkEMtrain	4	902	0	160.79317600000002	0
176	emt0.7.5.traindir_res100000_k4.0824969aa35211ec999da4c3f04f704a	gmtkEMtrain	4	883	0	161.563804	0
177	emt0.7.6.traindir_res100000_k4.0824969aa35211ec999da4c3f04f704a	gmtkEMtrain	4	825	0	162.346561	0
178	emt0.7.8.traindir_res100000_k4.0824969aa35211ec999da4c3f04f704a	gmtkEMtrain	4	812	0	163.136989	0
179	emt0.7.9.traindir_res100000_k4.0824969aa35211ec999da4c3f04f704a	gmtkEMtrain	4	781	0	163.898142	0
180	emt0.7.12.traindir_res100000_k4.0824969aa35211ec999da4c3f04f704a	gmtkEMtrain	4	630	0	164.715849	0
181	emt0.7.10.traindir_res100000_k4.0824969aa35211ec999da4c3f04f704a	gmtkEMtrain	4	591	0	165.45858900000002	0
182	emt0.7.13.traindir_res100000_k4.0824969aa35211ec999da4c3f04f704a	gmtkEMtrain	4	388	0	166.195258	0
183	emt0.7.14.traindir_res100000_k4.0824969aa35211ec999da4c3f04f704a	gmtkEMtrain	4	353	0	166.978472	0
184	emt0.7.bundle.traindir_res100000_k4.0824969aa35211ec999da4c3f04f704a	gmtkEMtrain	4	0	0	167.51762100000002	0
185	emt0.8.0.traindir_res100000_k4.0824969aa35211ec999da4c3f04f704a	gmtkEMtrain	4	2488	0	168.42738	0
186	emt0.8.11.traindir_res100000_k4.0824969aa35211ec999da4c3f04f704a	gmtkEMtrain	4	2431	0	169.37445000000002	0
187	emt0.8.15.traindir_res100000_k4.0824969aa35211ec999da4c3f04f704a	gmtkEMtrain	4	1979	0	170.288975	0
188	emt0.8.16.traindir_res100000_k4.0824969aa35211ec999da4c3f04f704a	gmtkEMtrain	4	1911	0	171.224727	0
189	emt0.8.17.traindir_res100000_k4.0824969aa35211ec999da4c3f04f704a	gmtkEMtrain	4	1808	0	172.08957999999998	0
190	emt0.8.18.traindir_res100000_k4.0824969aa35211ec999da4c3f04f704a	gmtkEMtrain	4	1708	0	172.96545799999998	0
191	emt0.8.19.traindir_res100000_k4.0824969aa35211ec999da4c3f04f704a	gmtkEMtrain	4	1592	0	173.81080200000002	0
192	emt0.8.20.traindir_res100000_k4.0824969aa35211ec999da4c3f04f704a	gmtkEMtrain	4	1463	0	174.68341	0
193	emt0.8.21.traindir_res100000_k4.0824969aa35211ec999da4c3f04f704a	gmtkEMtrain	4	1412	0	175.52292200000002	0
194	emt0.8.1.traindir_res100000_k4.0824969aa35211ec999da4c3f04f704a	gmtkEMtrain	4	1355	0	176.33826399999998	0
195	emt0.8.2.traindir_res100000_k4.0824969aa35211ec999da4c3f04f704a	gmtkEMtrain	4	1349	0	177.178716	0
196	emt0.8.3.traindir_res100000_k4.0824969aa35211ec999da4c3f04f704a	gmtkEMtrain	4	1339	0	177.990609	0
197	emt0.8.4.traindir_res100000_k4.0824969aa35211ec999da4c3f04f704a	gmtkEMtrain	4	962	0	178.77825199999998	0
198	emt0.8.7.traindir_res100000_k4.0824969aa35211ec999da4c3f04f704a	gmtkEMtrain	4	902	0	179.516923	0
199	emt0.8.5.traindir_res100000_k4.0824969aa35211ec999da4c3f04f704a	gmtkEMtrain	4	883	0	180.26303900000002	0
200	emt0.8.6.traindir_res100000_k4.0824969aa35211ec999da4c3f04f704a	gmtkEMtrain	4	825	0	181.011735	0
201	emt0.8.8.traindir_res100000_k4.0824969aa35211ec999da4c3f04f704a	gmtkEMtrain	4	812	0	181.78661899999997	0
202	emt0.8.9.traindir_res100000_k4.0824969aa35211ec999da4c3f04f704a	gmtkEMtrain	4	781	0	182.510499	0
203	emt0.8.12.traindir_res100000_k4.0824969aa35211ec999da4c3f04f704a	gmtkEMtrain	4	630	0	183.21320200000002	0
204	emt0.8.10.traindir_res100000_k4.0824969aa35211ec999da4c3f04f704a	gmtkEMtrain	4	591	0	183.88148	0
205	emt0.8.13.traindir_res100000_k4.0824969aa35211ec999da4c3f04f704a	gmtkEMtrain	4	388	0	184.59524599999997	0
206	emt0.8.14.traindir_res100000_k4.0824969aa35211ec999da4c3f04f704a	gmtkEMtrain	4	353	0	185.38714299999998	0
207	emt0.8.bundle.traindir_res100000_k4.0824969aa35211ec999da4c3f04f704a	gmtkEMtrain	4	0	0	185.939344	0
208	emt0.9.0.traindir_res100000_k4.0824969aa35211ec999da4c3f04f704a	gmtkEMtrain	4	2488	0	186.896236	0
209	emt0.9.11.traindir_res100000_k4.0824969aa35211ec999da4c3f04f704a	gmtkEMtrain	4	2431	0	187.807261	0
210	emt0.9.15.traindir_res100000_k4.0824969aa35211ec999da4c3f04f704a	gmtkEMtrain	4	1979	0	188.725139	0
211	emt0.9.16.traindir_res100000_k4.0824969aa35211ec999da4c3f04f704a	gmtkEMtrain	4	1911	0	189.59279	0
212	emt0.9.17.traindir_res100000_k4.0824969aa35211ec999da4c3f04f704a	gmtkEMtrain	4	1808	0	190.46213699999998	0
213	emt0.9.18.traindir_res100000_k4.0824969aa35211ec999da4c3f04f704a	gmtkEMtrain	4	1708	0	191.27757400000002	0
214	emt0.9.19.traindir_res100000_k4.0824969aa35211ec999da4c3f04f704a	gmtkEMtrain	4	1592	0	192.051282	0
215	emt0.9.20.traindir_res100000_k4.0824969aa35211ec999da4c3f04f704a	gmtkEMtrain	4	1463	0	192.957234	0
216	emt0.9.21.traindir_res100000_k4.0824969aa35211ec999da4c3f04f704a	gmtkEMtrain	4	1412	0	193.76461799999998	0
217	emt0.9.1.traindir_res100000_k4.0824969aa35211ec999da4c3f04f704a	gmtkEMtrain	4	1355	0	194.630899	0
218	emt0.9.2.traindir_res100000_k4.0824969aa35211ec999da4c3f04f704a	gmtkEMtrain	4	1349	0	195.47328199999998	0
219	emt0.9.3.traindir_res100000_k4.0824969aa35211ec999da4c3f04f704a	gmtkEMtrain	4	1339	0	196.28864299999998	0
220	emt0.9.4.traindir_res100000_k4.0824969aa35211ec999da4c3f04f704a	gmtkEMtrain	4	962	0	197.12072500000002	0
221	emt0.9.7.traindir_res100000_k4.0824969aa35211ec999da4c3f04f704a	gmtkEMtrain	4	902	0	197.91250100000002	0
222	emt0.9.5.traindir_res100000_k4.0824969aa35211ec999da4c3f04f704a	gmtkEMtrain	4	883	0	198.695774	0
223	emt0.9.6.traindir_res100000_k4.0824969aa35211ec999da4c3f04f704a	gmtkEMtrain	4	825	0	199.477443	0
224	emt0.9.8.traindir_res100000_k4.0824969aa35211ec999da4c3f04f704a	gmtkEMtrain	4	812	0	200.253267	0
225	emt0.9.9.traindir_res100000_k4.0824969aa35211ec999da4c3f04f704a	gmtkEMtrain	4	781	0	201.029278	0
226	emt0.9.12.traindir_res100000_k4.0824969aa35211ec999da4c3f04f704a	gmtkEMtrain	4	630	0	201.781035	0
227	emt0.9.10.traindir_res100000_k4.0824969aa35211ec999da4c3f04f704a	gmtkEMtrain	4	591	0	202.515969	0
228	emt0.9.13.traindir_res100000_k4.0824969aa35211ec999da4c3f04f704a	gmtkEMtrain	4	388	0	203.23784600000002	0
229	emt0.9.14.traindir_res100000_k4.0824969aa35211ec999da4c3f04f704a	gmtkEMtrain	4	353	0	204.01350399999998	0
230	emt0.9.bundle.traindir_res100000_k4.0824969aa35211ec999da4c3f04f704a	gmtkEMtrain	4	0	0	204.56152	0
231	emt0.10.0.traindir_res100000_k4.0824969aa35211ec999da4c3f04f704a	gmtkEMtrain	4	2488	0	205.501013	0
232	emt0.10.11.traindir_res100000_k4.0824969aa35211ec999da4c3f04f704a	gmtkEMtrain	4	2431	0	206.420645	0
233	emt0.10.15.traindir_res100000_k4.0824969aa35211ec999da4c3f04f704a	gmtkEMtrain	4	1979	0	207.33140500000002	0
234	emt0.10.16.traindir_res100000_k4.0824969aa35211ec999da4c3f04f704a	gmtkEMtrain	4	1911	0	208.202744	0
235	emt0.10.17.traindir_res100000_k4.0824969aa35211ec999da4c3f04f704a	gmtkEMtrain	4	1808	0	209.05481	0
236	emt0.10.18.traindir_res100000_k4.0824969aa35211ec999da4c3f04f704a	gmtkEMtrain	4	1708	0	209.921146	0
237	emt0.10.19.traindir_res100000_k4.0824969aa35211ec999da4c3f04f704a	gmtkEMtrain	4	1592	0	210.78669200000002	0
238	emt0.10.20.traindir_res100000_k4.0824969aa35211ec999da4c3f04f704a	gmtkEMtrain	4	1463	0	211.62115500000002	0
239	emt0.10.21.traindir_res100000_k4.0824969aa35211ec999da4c3f04f704a	gmtkEMtrain	4	1412	0	212.515723	0
240	emt0.10.1.traindir_res100000_k4.0824969aa35211ec999da4c3f04f704a	gmtkEMtrain	4	1355	0	213.320133	0
241	emt0.10.2.traindir_res100000_k4.0824969aa35211ec999da4c3f04f704a	gmtkEMtrain	4	1349	0	214.164499	0
242	emt0.10.3.traindir_res100000_k4.0824969aa35211ec999da4c3f04f704a	gmtkEMtrain	4	1339	0	215.03123499999998	0
243	emt0.10.4.traindir_res100000_k4.0824969aa35211ec999da4c3f04f704a	gmtkEMtrain	4	962	0	215.822343	0
244	emt0.10.7.traindir_res100000_k4.0824969aa35211ec999da4c3f04f704a	gmtkEMtrain	4	902	0	216.576793	0
245	emt0.10.5.traindir_res100000_k4.0824969aa35211ec999da4c3f04f704a	gmtkEMtrain	4	883	0	217.272446	0
246	emt0.10.6.traindir_res100000_k4.0824969aa35211ec999da4c3f04f704a	gmtkEMtrain	4	825	0	218.023776	0
247	emt0.10.8.traindir_res100000_k4.0824969aa35211ec999da4c3f04f704a	gmtkEMtrain	4	812	0	218.785975	0
248	emt0.10.9.traindir_res100000_k4.0824969aa35211ec999da4c3f04f704a	gmtkEMtrain	4	781	0	219.539925	0
249	emt0.10.12.traindir_res100000_k4.0824969aa35211ec999da4c3f04f704a	gmtkEMtrain	4	630	0	220.33190199999999	0
250	emt0.10.10.traindir_res100000_k4.0824969aa35211ec999da4c3f04f704a	gmtkEMtrain	4	591	0	221.096071	0
251	emt0.10.13.traindir_res100000_k4.0824969aa35211ec999da4c3f04f704a	gmtkEMtrain	4	388	0	221.822546	0
252	emt0.10.14.traindir_res100000_k4.0824969aa35211ec999da4c3f04f704a	gmtkEMtrain	4	353	0	222.53758200000001	0
253	emt0.10.bundle.traindir_res100000_k4.0824969aa35211ec999da4c3f04f704a	gmtkEMtrain	4	0	0	223.103693	0
254	emt0.11.0.traindir_res100000_k4.0824969aa35211ec999da4c3f04f704a	gmtkEMtrain	4	2488	0	224.00721	0
255	emt0.11.11.traindir_res100000_k4.0824969aa35211ec999da4c3f04f704a	gmtkEMtrain	4	2431	0	224.85693400000002	0
256	emt0.11.15.traindir_res100000_k4.0824969aa35211ec999da4c3f04f704a	gmtkEMtrain	4	1979	0	225.741552	0
257	emt0.11.16.traindir_res100000_k4.0824969aa35211ec999da4c3f04f704a	gmtkEMtrain	4	1911	0	226.698249	0
258	emt0.11.17.traindir_res100000_k4.0824969aa35211ec999da4c3f04f704a	gmtkEMtrain	4	1808	0	227.583666	0
259	emt0.11.18.traindir_res100000_k4.0824969aa35211ec999da4c3f04f704a	gmtkEMtrain	4	1708	0	228.48572000000001	0
260	emt0.11.19.traindir_res100000_k4.0824969aa35211ec999da4c3f04f704a	gmtkEMtrain	4	1592	0	229.351241	0
261	emt0.11.20.traindir_res100000_k4.0824969aa35211ec999da4c3f04f704a	gmtkEMtrain	4	1463	0	230.204189	0
262	emt0.11.21.traindir_res100000_k4.0824969aa35211ec999da4c3f04f704a	gmtkEMtrain	4	1412	0	231.023594	0
263	emt0.11.1.traindir_res100000_k4.0824969aa35211ec999da4c3f04f704a	gmtkEMtrain	4	1355	0	231.86504200000002	0
264	emt0.11.2.traindir_res100000_k4.0824969aa35211ec999da4c3f04f704a	gmtkEMtrain	4	1349	0	232.741864	0
265	emt0.11.3.traindir_res100000_k4.0824969aa35211ec999da4c3f04f704a	gmtkEMtrain	4	1339	0	233.561855	0
266	emt0.11.4.traindir_res100000_k4.0824969aa35211ec999da4c3f04f704a	gmtkEMtrain	4	962	0	234.358179	0
267	emt0.11.7.traindir_res100000_k4.0824969aa35211ec999da4c3f04f704a	gmtkEMtrain	4	902	0	235.128192	0
268	emt0.11.5.traindir_res100000_k4.0824969aa35211ec999da4c3f04f704a	gmtkEMtrain	4	883	0	235.909448	0
269	emt0.11.6.traindir_res100000_k4.0824969aa35211ec999da4c3f04f704a	gmtkEMtrain	4	825	0	236.66092100000003	0
270	emt0.11.8.traindir_res100000_k4.0824969aa35211ec999da4c3f04f704a	gmtkEMtrain	4	812	0	237.435193	0
271	emt0.11.9.traindir_res100000_k4.0824969aa35211ec999da4c3f04f704a	gmtkEMtrain	4	781	0	238.245361	0
272	emt0.11.12.traindir_res100000_k4.0824969aa35211ec999da4c3f04f704a	gmtkEMtrain	4	630	0	239.021569	0
273	emt0.11.10.traindir_res100000_k4.0824969aa35211ec999da4c3f04f704a	gmtkEMtrain	4	591	0	239.760431	0
274	emt0.11.13.traindir_res100000_k4.0824969aa35211ec999da4c3f04f704a	gmtkEMtrain	4	388	0	240.47913	0
275	emt0.11.14.traindir_res100000_k4.0824969aa35211ec999da4c3f04f704a	gmtkEMtrain	4	353	0	241.237823	0
276	emt0.11.bundle.traindir_res100000_k4.0824969aa35211ec999da4c3f04f704a	gmtkEMtrain	4	0	0	241.802343	0
277	emt0.12.0.traindir_res100000_k4.0824969aa35211ec999da4c3f04f704a	gmtkEMtrain	4	2488	0	242.71844299999998	0
278	emt0.12.11.traindir_res100000_k4.0824969aa35211ec999da4c3f04f704a	gmtkEMtrain	4	2431	0	243.651431	0
279	emt0.12.15.traindir_res100000_k4.0824969aa35211ec999da4c3f04f704a	gmtkEMtrain	4	1979	0	244.521886	0
280	emt0.12.16.traindir_res100000_k4.0824969aa35211ec999da4c3f04f704a	gmtkEMtrain	4	1911	0	245.377821	0
281	emt0.12.17.traindir_res100000_k4.0824969aa35211ec999da4c3f04f704a	gmtkEMtrain	4	1808	0	246.242547	0
282	emt0.12.18.traindir_res100000_k4.0824969aa35211ec999da4c3f04f704a	gmtkEMtrain	4	1708	0	247.086382	0
283	emt0.12.19.traindir_res100000_k4.0824969aa35211ec999da4c3f04f704a	gmtkEMtrain	4	1592	0	247.96014300000002	0
284	emt0.12.20.traindir_res100000_k4.0824969aa35211ec999da4c3f04f704a	gmtkEMtrain	4	1463	0	248.638016	0
285	emt0.12.21.traindir_res100000_k4.0824969aa35211ec999da4c3f04f704a	gmtkEMtrain	4	1412	0	249.429599	0
286	emt0.12.1.traindir_res100000_k4.0824969aa35211ec999da4c3f04f704a	gmtkEMtrain	4	1355	0	250.23128499999999	0
287	emt0.12.2.traindir_res100000_k4.0824969aa35211ec999da4c3f04f704a	gmtkEMtrain	4	1349	0	251.00867599999998	0
288	emt0.12.3.traindir_res100000_k4.0824969aa35211ec999da4c3f04f704a	gmtkEMtrain	4	1339	0	251.83592199999998	0
289	emt0.12.4.traindir_res100000_k4.0824969aa35211ec999da4c3f04f704a	gmtkEMtrain	4	962	0	252.627097	0
290	emt0.12.7.traindir_res100000_k4.0824969aa35211ec999da4c3f04f704a	gmtkEMtrain	4	902	0	253.359203	0
291	emt0.12.5.traindir_res100000_k4.0824969aa35211ec999da4c3f04f704a	gmtkEMtrain	4	883	0	254.113248	0
292	emt0.12.6.traindir_res100000_k4.0824969aa35211ec999da4c3f04f704a	gmtkEMtrain	4	825	0	254.846969	0
293	emt0.12.8.traindir_res100000_k4.0824969aa35211ec999da4c3f04f704a	gmtkEMtrain	4	812	0	255.581745	0
294	emt0.12.9.traindir_res100000_k4.0824969aa35211ec999da4c3f04f704a	gmtkEMtrain	4	781	0	256.359823	0
295	emt0.12.12.traindir_res100000_k4.0824969aa35211ec999da4c3f04f704a	gmtkEMtrain	4	630	0	257.09984199999997	0
296	emt0.12.10.traindir_res100000_k4.0824969aa35211ec999da4c3f04f704a	gmtkEMtrain	4	591	0	257.831946	0
297	emt0.12.13.traindir_res100000_k4.0824969aa35211ec999da4c3f04f704a	gmtkEMtrain	4	388	0	258.61576	0
298	emt0.12.14.traindir_res100000_k4.0824969aa35211ec999da4c3f04f704a	gmtkEMtrain	4	353	0	259.37795	0
299	emt0.12.bundle.traindir_res100000_k4.0824969aa35211ec999da4c3f04f704a	gmtkEMtrain	4	0	0	260.012673	0
300	emt0.13.0.traindir_res100000_k4.0824969aa35211ec999da4c3f04f704a	gmtkEMtrain	4	2488	0	261.084069	0
301	emt0.13.11.traindir_res100000_k4.0824969aa35211ec999da4c3f04f704a	gmtkEMtrain	4	2431	0	262.117756	0
302	emt0.13.15.traindir_res100000_k4.0824969aa35211ec999da4c3f04f704a	gmtkEMtrain	4	1979	0	263.089388	0
303	emt0.13.16.traindir_res100000_k4.0824969aa35211ec999da4c3f04f704a	gmtkEMtrain	4	1911	0	264.051227	0
304	emt0.13.17.traindir_res100000_k4.0824969aa35211ec999da4c3f04f704a	gmtkEMtrain	4	1808	0	264.914222	0
305	emt0.13.18.traindir_res100000_k4.0824969aa35211ec999da4c3f04f704a	gmtkEMtrain	4	1708	0	265.83092700000003	0
306	emt0.13.19.traindir_res100000_k4.0824969aa35211ec999da4c3f04f704a	gmtkEMtrain	4	1592	0	266.740587	0
307	emt0.13.20.traindir_res100000_k4.0824969aa35211ec999da4c3f04f704a	gmtkEMtrain	4	1463	0	267.6435	0
308	emt0.13.21.traindir_res100000_k4.0824969aa35211ec999da4c3f04f704a	gmtkEMtrain	4	1412	0	268.514896	0
309	emt0.13.1.traindir_res100000_k4.0824969aa35211ec999da4c3f04f704a	gmtkEMtrain	4	1355	0	269.388085	0
310	emt0.13.2.traindir_res100000_k4.0824969aa35211ec999da4c3f04f704a	gmtkEMtrain	4	1349	0	270.23418499999997	0
311	emt0.13.3.traindir_res100000_k4.0824969aa35211ec999da4c3f04f704a	gmtkEMtrain	4	1339	0	271.120557	0
312	emt0.13.4.traindir_res100000_k4.0824969aa35211ec999da4c3f04f704a	gmtkEMtrain	4	962	0	271.99943	0
313	emt0.13.7.traindir_res100000_k4.0824969aa35211ec999da4c3f04f704a	gmtkEMtrain	4	902	0	272.857087	0
314	emt0.13.5.traindir_res100000_k4.0824969aa35211ec999da4c3f04f704a	gmtkEMtrain	4	883	0	273.70243800000003	0
315	emt0.13.6.traindir_res100000_k4.0824969aa35211ec999da4c3f04f704a	gmtkEMtrain	4	825	0	274.549236	0
316	emt0.13.8.traindir_res100000_k4.0824969aa35211ec999da4c3f04f704a	gmtkEMtrain	4	812	0	275.381857	0
317	emt0.13.9.traindir_res100000_k4.0824969aa35211ec999da4c3f04f704a	gmtkEMtrain	4	781	0	276.248157	0
318	emt0.13.12.traindir_res100000_k4.0824969aa35211ec999da4c3f04f704a	gmtkEMtrain	4	630	0	277.043122	0
319	emt0.13.10.traindir_res100000_k4.0824969aa35211ec999da4c3f04f704a	gmtkEMtrain	4	591	0	277.85935900000004	0
320	emt0.13.13.traindir_res100000_k4.0824969aa35211ec999da4c3f04f704a	gmtkEMtrain	4	388	0	278.71013	0
321	emt0.13.14.traindir_res100000_k4.0824969aa35211ec999da4c3f04f704a	gmtkEMtrain	4	353	0	279.4722	0
322	emt0.13.bundle.traindir_res100000_k4.0824969aa35211ec999da4c3f04f704a	gmtkEMtrain	4	0	0	280.06910600000003	0
323	emt0.14.0.traindir_res100000_k4.0824969aa35211ec999da4c3f04f704a	gmtkEMtrain	4	2488	0	281.087394	0
324	emt0.14.11.traindir_res100000_k4.0824969aa35211ec999da4c3f04f704a	gmtkEMtrain	4	2431	0	282.15925599999997	0
325	emt0.14.15.traindir_res100000_k4.0824969aa35211ec999da4c3f04f704a	gmtkEMtrain	4	1979	0	283.154176	0
326	emt0.14.16.traindir_res100000_k4.0824969aa35211ec999da4c3f04f704a	gmtkEMtrain	4	1911	0	284.053907	0
327	emt0.14.17.traindir_res100000_k4.0824969aa35211ec999da4c3f04f704a	gmtkEMtrain	4	1808	0	284.91360199999997	0
328	emt0.14.18.traindir_res100000_k4.0824969aa35211ec999da4c3f04f704a	gmtkEMtrain	4	1708	0	285.686794	0
329	emt0.14.19.traindir_res100000_k4.0824969aa35211ec999da4c3f04f704a	gmtkEMtrain	4	1592	0	286.648978	0
330	emt0.14.20.traindir_res100000_k4.0824969aa35211ec999da4c3f04f704a	gmtkEMtrain	4	1463	0	287.543617	0
331	emt0.14.21.traindir_res100000_k4.0824969aa35211ec999da4c3f04f704a	gmtkEMtrain	4	1412	0	288.369077	0
332	emt0.14.1.traindir_res100000_k4.0824969aa35211ec999da4c3f04f704a	gmtkEMtrain	4	1355	0	289.257073	0
333	emt0.14.2.traindir_res100000_k4.0824969aa35211ec999da4c3f04f704a	gmtkEMtrain	4	1349	0	290.140411	0
334	emt0.14.3.traindir_res100000_k4.0824969aa35211ec999da4c3f04f704a	gmtkEMtrain	4	1339	0	291.043774	0
335	emt0.14.4.traindir_res100000_k4.0824969aa35211ec999da4c3f04f704a	gmtkEMtrain	4	962	0	291.898908	0
336	emt0.14.7.traindir_res100000_k4.0824969aa35211ec999da4c3f04f704a	gmtkEMtrain	4	902	0	292.79783399999997	0
337	emt0.14.5.traindir_res100000_k4.0824969aa35211ec999da4c3f04f704a	gmtkEMtrain	4	883	0	293.653608	0
338	emt0.14.6.traindir_res100000_k4.0824969aa35211ec999da4c3f04f704a	gmtkEMtrain	4	825	0	294.452483	0
339	emt0.14.8.traindir_res100000_k4.0824969aa35211ec999da4c3f04f704a	gmtkEMtrain	4	812	0	295.321812	0
340	emt0.14.9.traindir_res100000_k4.0824969aa35211ec999da4c3f04f704a	gmtkEMtrain	4	781	0	296.192395	0
341	emt0.14.12.traindir_res100000_k4.0824969aa35211ec999da4c3f04f704a	gmtkEMtrain	4	630	0	296.93100699999997	0
342	emt0.14.10.traindir_res100000_k4.0824969aa35211ec999da4c3f04f704a	gmtkEMtrain	4	591	0	297.765548	0
343	emt0.14.13.traindir_res100000_k4.0824969aa35211ec999da4c3f04f704a	gmtkEMtrain	4	388	0	298.577039	0
344	emt0.14.14.traindir_res100000_k4.0824969aa35211ec999da4c3f04f704a	gmtkEMtrain	4	353	0	299.29452399999997	0
345	emt0.14.bundle.traindir_res100000_k4.0824969aa35211ec999da4c3f04f704a	gmtkEMtrain	4	0	0	299.952542	0
346	emt0.15.0.traindir_res100000_k4.0824969aa35211ec999da4c3f04f704a	gmtkEMtrain	4	2488	0	300.851725	0
347	emt0.15.11.traindir_res100000_k4.0824969aa35211ec999da4c3f04f704a	gmtkEMtrain	4	2431	0	301.881808	0
348	emt0.15.15.traindir_res100000_k4.0824969aa35211ec999da4c3f04f704a	gmtkEMtrain	4	1979	0	302.720365	0
349	emt0.15.16.traindir_res100000_k4.0824969aa35211ec999da4c3f04f704a	gmtkEMtrain	4	1911	0	303.664691	0
350	emt0.15.17.traindir_res100000_k4.0824969aa35211ec999da4c3f04f704a	gmtkEMtrain	4	1808	0	304.63913	0
351	emt0.15.18.traindir_res100000_k4.0824969aa35211ec999da4c3f04f704a	gmtkEMtrain	4	1708	0	305.458037	0
352	emt0.15.19.traindir_res100000_k4.0824969aa35211ec999da4c3f04f704a	gmtkEMtrain	4	1592	0	306.27104099999997	0
353	emt0.15.20.traindir_res100000_k4.0824969aa35211ec999da4c3f04f704a	gmtkEMtrain	4	1463	0	307.221676	0
354	emt0.15.21.traindir_res100000_k4.0824969aa35211ec999da4c3f04f704a	gmtkEMtrain	4	1412	0	308.08729900000003	0
355	emt0.15.1.traindir_res100000_k4.0824969aa35211ec999da4c3f04f704a	gmtkEMtrain	4	1355	0	308.945298	0
356	emt0.15.2.traindir_res100000_k4.0824969aa35211ec999da4c3f04f704a	gmtkEMtrain	4	1349	0	309.826005	0
357	emt0.15.3.traindir_res100000_k4.0824969aa35211ec999da4c3f04f704a	gmtkEMtrain	4	1339	0	310.726183	0
358	emt0.15.4.traindir_res100000_k4.0824969aa35211ec999da4c3f04f704a	gmtkEMtrain	4	962	0	311.60935	0
359	emt0.15.7.traindir_res100000_k4.0824969aa35211ec999da4c3f04f704a	gmtkEMtrain	4	902	0	312.463569	0
360	emt0.15.5.traindir_res100000_k4.0824969aa35211ec999da4c3f04f704a	gmtkEMtrain	4	883	0	313.300611	0
361	emt0.15.6.traindir_res100000_k4.0824969aa35211ec999da4c3f04f704a	gmtkEMtrain	4	825	0	314.103782	0
362	emt0.15.8.traindir_res100000_k4.0824969aa35211ec999da4c3f04f704a	gmtkEMtrain	4	812	0	314.91528	0
363	emt0.15.9.traindir_res100000_k4.0824969aa35211ec999da4c3f04f704a	gmtkEMtrain	4	781	0	315.722704	0
364	emt0.15.12.traindir_res100000_k4.0824969aa35211ec999da4c3f04f704a	gmtkEMtrain	4	630	0	316.536389	0
365	emt0.15.10.traindir_res100000_k4.0824969aa35211ec999da4c3f04f704a	gmtkEMtrain	4	591	0	317.31841199999997	0
366	emt0.15.13.traindir_res100000_k4.0824969aa35211ec999da4c3f04f704a	gmtkEMtrain	4	388	0	318.074712	0
367	emt0.15.14.traindir_res100000_k4.0824969aa35211ec999da4c3f04f704a	gmtkEMtrain	4	353	0	318.88798699999995	0
368	emt0.15.bundle.traindir_res100000_k4.0824969aa35211ec999da4c3f04f704a	gmtkEMtrain	4	0	0	319.511189	0
369	emt0.16.0.traindir_res100000_k4.0824969aa35211ec999da4c3f04f704a	gmtkEMtrain	4	2488	0	320.490655	0
370	emt0.16.11.traindir_res100000_k4.0824969aa35211ec999da4c3f04f704a	gmtkEMtrain	4	2431	0	321.493779	0
371	emt0.16.15.traindir_res100000_k4.0824969aa35211ec999da4c3f04f704a	gmtkEMtrain	4	1979	0	322.42189800000006	0
372	emt0.16.16.traindir_res100000_k4.0824969aa35211ec999da4c3f04f704a	gmtkEMtrain	4	1911	0	323.259934	0
373	emt0.16.17.traindir_res100000_k4.0824969aa35211ec999da4c3f04f704a	gmtkEMtrain	4	1808	0	324.240315	0
374	emt0.16.18.traindir_res100000_k4.0824969aa35211ec999da4c3f04f704a	gmtkEMtrain	4	1708	0	325.23827	0
375	emt0.16.19.traindir_res100000_k4.0824969aa35211ec999da4c3f04f704a	gmtkEMtrain	4	1592	0	326.161127	0
376	emt0.16.20.traindir_res100000_k4.0824969aa35211ec999da4c3f04f704a	gmtkEMtrain	4	1463	0	327.090202	0
377	emt0.16.21.traindir_res100000_k4.0824969aa35211ec999da4c3f04f704a	gmtkEMtrain	4	1412	0	328.000132	0
378	emt0.16.1.traindir_res100000_k4.0824969aa35211ec999da4c3f04f704a	gmtkEMtrain	4	1355	0	328.86613900000003	0
379	emt0.16.2.traindir_res100000_k4.0824969aa35211ec999da4c3f04f704a	gmtkEMtrain	4	1349	0	329.729843	0
380	emt0.16.3.traindir_res100000_k4.0824969aa35211ec999da4c3f04f704a	gmtkEMtrain	4	1339	0	330.60408600000005	0
381	emt0.16.4.traindir_res100000_k4.0824969aa35211ec999da4c3f04f704a	gmtkEMtrain	4	962	0	331.437723	0
382	emt0.16.7.traindir_res100000_k4.0824969aa35211ec999da4c3f04f704a	gmtkEMtrain	4	902	0	332.216927	0
383	emt0.16.5.traindir_res100000_k4.0824969aa35211ec999da4c3f04f704a	gmtkEMtrain	4	883	0	333.06249399999996	0
384	emt0.16.6.traindir_res100000_k4.0824969aa35211ec999da4c3f04f704a	gmtkEMtrain	4	825	0	333.85816400000004	0
385	emt0.16.8.traindir_res100000_k4.0824969aa35211ec999da4c3f04f704a	gmtkEMtrain	4	812	0	334.65202700000003	0
386	emt0.16.9.traindir_res100000_k4.0824969aa35211ec999da4c3f04f704a	gmtkEMtrain	4	781	0	335.485584	0
387	emt0.16.12.traindir_res100000_k4.0824969aa35211ec999da4c3f04f704a	gmtkEMtrain	4	630	0	336.23397500000004	0
388	emt0.16.10.traindir_res100000_k4.0824969aa35211ec999da4c3f04f704a	gmtkEMtrain	4	591	0	337.05711399999996	0
389	emt0.16.13.traindir_res100000_k4.0824969aa35211ec999da4c3f04f704a	gmtkEMtrain	4	388	0	337.831866	0
390	emt0.16.14.traindir_res100000_k4.0824969aa35211ec999da4c3f04f704a	gmtkEMtrain	4	353	0	338.572274	0
391	emt0.16.bundle.traindir_res100000_k4.0824969aa35211ec999da4c3f04f704a	gmtkEMtrain	4	0	0	339.25235999999995	0
392	emt0.17.0.traindir_res100000_k4.0824969aa35211ec999da4c3f04f704a	gmtkEMtrain	4	2488	0	340.297975	0
393	emt0.17.11.traindir_res100000_k4.0824969aa35211ec999da4c3f04f704a	gmtkEMtrain	4	2431	0	341.33576300000004	0
394	emt0.17.15.traindir_res100000_k4.0824969aa35211ec999da4c3f04f704a	gmtkEMtrain	4	1979	0	342.42428700000005	0
395	emt0.17.16.traindir_res100000_k4.0824969aa35211ec999da4c3f04f704a	gmtkEMtrain	4	1911	0	343.40178199999997	0
396	emt0.17.17.traindir_res100000_k4.0824969aa35211ec999da4c3f04f704a	gmtkEMtrain	4	1808	0	344.36650699999996	0
397	emt0.17.18.traindir_res100000_k4.0824969aa35211ec999da4c3f04f704a	gmtkEMtrain	4	1708	0	345.348254	0
398	emt0.17.19.traindir_res100000_k4.0824969aa35211ec999da4c3f04f704a	gmtkEMtrain	4	1592	0	346.382337	0
399	emt0.17.20.traindir_res100000_k4.0824969aa35211ec999da4c3f04f704a	gmtkEMtrain	4	1463	0	347.371342	0
400	emt0.17.21.traindir_res100000_k4.0824969aa35211ec999da4c3f04f704a	gmtkEMtrain	4	1412	0	348.297624	0
401	emt0.17.1.traindir_res100000_k4.0824969aa35211ec999da4c3f04f704a	gmtkEMtrain	4	1355	0	349.239916	0
402	emt0.17.2.traindir_res100000_k4.0824969aa35211ec999da4c3f04f704a	gmtkEMtrain	4	1349	0	350.10021800000004	0
403	emt0.17.3.traindir_res100000_k4.0824969aa35211ec999da4c3f04f704a	gmtkEMtrain	4	1339	0	351.08096	0
404	emt0.17.4.traindir_res100000_k4.0824969aa35211ec999da4c3f04f704a	gmtkEMtrain	4	962	0	351.843938	0
405	emt0.17.7.traindir_res100000_k4.0824969aa35211ec999da4c3f04f704a	gmtkEMtrain	4	902	0	352.760801	0
406	emt0.17.5.traindir_res100000_k4.0824969aa35211ec999da4c3f04f704a	gmtkEMtrain	4	883	0	353.657057	0
407	emt0.17.6.traindir_res100000_k4.0824969aa35211ec999da4c3f04f704a	gmtkEMtrain	4	825	0	354.50227299999995	0
408	emt0.17.8.traindir_res100000_k4.0824969aa35211ec999da4c3f04f704a	gmtkEMtrain	4	812	0	355.436687	0
409	emt0.17.9.traindir_res100000_k4.0824969aa35211ec999da4c3f04f704a	gmtkEMtrain	4	781	0	356.19006099999996	0
410	emt0.17.12.traindir_res100000_k4.0824969aa35211ec999da4c3f04f704a	gmtkEMtrain	4	630	0	357.10178799999994	0
411	emt0.17.10.traindir_res100000_k4.0824969aa35211ec999da4c3f04f704a	gmtkEMtrain	4	591	0	357.971786	0
412	emt0.17.13.traindir_res100000_k4.0824969aa35211ec999da4c3f04f704a	gmtkEMtrain	4	388	0	358.86107400000003	0
413	emt0.17.14.traindir_res100000_k4.0824969aa35211ec999da4c3f04f704a	gmtkEMtrain	4	353	0	359.740966	0
414	emt0.17.bundle.traindir_res100000_k4.0824969aa35211ec999da4c3f04f704a	gmtkEMtrain	4	0	0	360.367984	0
415	emt0.18.0.traindir_res100000_k4.0824969aa35211ec999da4c3f04f704a	gmtkEMtrain	4	2488	0	361.447567	0
416	emt0.18.11.traindir_res100000_k4.0824969aa35211ec999da4c3f04f704a	gmtkEMtrain	4	2431	0	362.41567000000003	0
417	emt0.18.15.traindir_res100000_k4.0824969aa35211ec999da4c3f04f704a	gmtkEMtrain	4	1979	0	363.419188	0
418	emt0.18.16.traindir_res100000_k4.0824969aa35211ec999da4c3f04f704a	gmtkEMtrain	4	1911	0	364.387706	0
419	emt0.18.17.traindir_res100000_k4.0824969aa35211ec999da4c3f04f704a	gmtkEMtrain	4	1808	0	365.334969	0
420	emt0.18.18.traindir_res100000_k4.0824969aa35211ec999da4c3f04f704a	gmtkEMtrain	4	1708	0	366.358795	0
421	emt0.18.19.traindir_res100000_k4.0824969aa35211ec999da4c3f04f704a	gmtkEMtrain	4	1592	0	367.267428	0
422	emt0.18.20.traindir_res100000_k4.0824969aa35211ec999da4c3f04f704a	gmtkEMtrain	4	1463	0	368.263494	0
423	emt0.18.21.traindir_res100000_k4.0824969aa35211ec999da4c3f04f704a	gmtkEMtrain	4	1412	0	369.101692	0
424	emt0.18.1.traindir_res100000_k4.0824969aa35211ec999da4c3f04f704a	gmtkEMtrain	4	1355	0	370.004891	0
425	emt0.18.2.traindir_res100000_k4.0824969aa35211ec999da4c3f04f704a	gmtkEMtrain	4	1349	0	370.945829	0
426	emt0.18.3.traindir_res100000_k4.0824969aa35211ec999da4c3f04f704a	gmtkEMtrain	4	1339	0	371.800648	0
427	emt0.18.4.traindir_res100000_k4.0824969aa35211ec999da4c3f04f704a	gmtkEMtrain	4	962	0	372.618449	0
428	emt0.18.7.traindir_res100000_k4.0824969aa35211ec999da4c3f04f704a	gmtkEMtrain	4	902	0	373.445702	0
429	emt0.18.5.traindir_res100000_k4.0824969aa35211ec999da4c3f04f704a	gmtkEMtrain	4	883	0	374.31667600000003	0
430	emt0.18.6.traindir_res100000_k4.0824969aa35211ec999da4c3f04f704a	gmtkEMtrain	4	825	0	375.20296	0
431	emt0.18.8.traindir_res100000_k4.0824969aa35211ec999da4c3f04f704a	gmtkEMtrain	4	812	0	375.986757	0
432	emt0.18.9.traindir_res100000_k4.0824969aa35211ec999da4c3f04f704a	gmtkEMtrain	4	781	0	376.767066	0
433	emt0.18.12.traindir_res100000_k4.0824969aa35211ec999da4c3f04f704a	gmtkEMtrain	4	630	0	377.56084500000003	0
434	emt0.18.10.traindir_res100000_k4.0824969aa35211ec999da4c3f04f704a	gmtkEMtrain	4	591	0	378.358325	0
435	emt0.18.13.traindir_res100000_k4.0824969aa35211ec999da4c3f04f704a	gmtkEMtrain	4	388	0	379.113548	0
436	emt0.18.14.traindir_res100000_k4.0824969aa35211ec999da4c3f04f704a	gmtkEMtrain	4	353	0	379.887574	0
437	emt0.18.bundle.traindir_res100000_k4.0824969aa35211ec999da4c3f04f704a	gmtkEMtrain	4	0	0	380.51545400000003	0
438	emt0.19.0.traindir_res100000_k4.0824969aa35211ec999da4c3f04f704a	gmtkEMtrain	4	2488	0	381.58413099999996	0
439	emt0.19.11.traindir_res100000_k4.0824969aa35211ec999da4c3f04f704a	gmtkEMtrain	4	2431	0	382.53825	0
440	emt0.19.15.traindir_res100000_k4.0824969aa35211ec999da4c3f04f704a	gmtkEMtrain	4	1979	0	383.506888	0
441	emt0.19.16.traindir_res100000_k4.0824969aa35211ec999da4c3f04f704a	gmtkEMtrain	4	1911	0	384.47078600000003	0
442	emt0.19.17.traindir_res100000_k4.0824969aa35211ec999da4c3f04f704a	gmtkEMtrain	4	1808	0	385.437924	0
443	emt0.19.18.traindir_res100000_k4.0824969aa35211ec999da4c3f04f704a	gmtkEMtrain	4	1708	0	386.36767399999997	0
444	emt0.19.19.traindir_res100000_k4.0824969aa35211ec999da4c3f04f704a	gmtkEMtrain	4	1592	0	387.304811	0
445	emt0.19.20.traindir_res100000_k4.0824969aa35211ec999da4c3f04f704a	gmtkEMtrain	4	1463	0	388.253208	0
446	emt0.19.21.traindir_res100000_k4.0824969aa35211ec999da4c3f04f704a	gmtkEMtrain	4	1412	0	389.184858	0
447	emt0.19.1.traindir_res100000_k4.0824969aa35211ec999da4c3f04f704a	gmtkEMtrain	4	1355	0	390.069902	0
448	emt0.19.2.traindir_res100000_k4.0824969aa35211ec999da4c3f04f704a	gmtkEMtrain	4	1349	0	390.933377	0
449	emt0.19.3.traindir_res100000_k4.0824969aa35211ec999da4c3f04f704a	gmtkEMtrain	4	1339	0	391.864893	0
450	emt0.19.4.traindir_res100000_k4.0824969aa35211ec999da4c3f04f704a	gmtkEMtrain	4	962	0	392.747671	0
451	emt0.19.7.traindir_res100000_k4.0824969aa35211ec999da4c3f04f704a	gmtkEMtrain	4	902	0	393.589008	0
452	emt0.19.5.traindir_res100000_k4.0824969aa35211ec999da4c3f04f704a	gmtkEMtrain	4	883	0	394.398007	0
453	emt0.19.6.traindir_res100000_k4.0824969aa35211ec999da4c3f04f704a	gmtkEMtrain	4	825	0	395.244461	0
454	emt0.19.8.traindir_res100000_k4.0824969aa35211ec999da4c3f04f704a	gmtkEMtrain	4	812	0	396.046302	0
455	emt0.19.9.traindir_res100000_k4.0824969aa35211ec999da4c3f04f704a	gmtkEMtrain	4	781	0	396.911967	0
456	emt0.19.12.traindir_res100000_k4.0824969aa35211ec999da4c3f04f704a	gmtkEMtrain	4	630	0	397.695862	0
457	emt0.19.10.traindir_res100000_k4.0824969aa35211ec999da4c3f04f704a	gmtkEMtrain	4	591	0	398.520786	0
458	emt0.19.13.traindir_res100000_k4.0824969aa35211ec999da4c3f04f704a	gmtkEMtrain	4	388	0	399.323075	0
459	emt0.19.14.traindir_res100000_k4.0824969aa35211ec999da4c3f04f704a	gmtkEMtrain	4	353	0	400.144128	0
460	emt0.19.bundle.traindir_res100000_k4.0824969aa35211ec999da4c3f04f704a	gmtkEMtrain	4	0	0	400.777677	0
461	emt0.20.0.traindir_res100000_k4.0824969aa35211ec999da4c3f04f704a	gmtkEMtrain	4	2488	0	401.798786	0
462	emt0.20.11.traindir_res100000_k4.0824969aa35211ec999da4c3f04f704a	gmtkEMtrain	4	2431	0	402.77880400000004	0
463	emt0.20.15.traindir_res100000_k4.0824969aa35211ec999da4c3f04f704a	gmtkEMtrain	4	1979	0	403.722052	0
464	emt0.20.16.traindir_res100000_k4.0824969aa35211ec999da4c3f04f704a	gmtkEMtrain	4	1911	0	404.67675399999996	0
465	emt0.20.17.traindir_res100000_k4.0824969aa35211ec999da4c3f04f704a	gmtkEMtrain	4	1808	0	405.53244099999995	0
466	emt0.20.18.traindir_res100000_k4.0824969aa35211ec999da4c3f04f704a	gmtkEMtrain	4	1708	0	406.448552	0
467	emt0.20.19.traindir_res100000_k4.0824969aa35211ec999da4c3f04f704a	gmtkEMtrain	4	1592	0	407.359066	0
468	emt0.20.20.traindir_res100000_k4.0824969aa35211ec999da4c3f04f704a	gmtkEMtrain	4	1463	0	408.323811	0
469	emt0.20.21.traindir_res100000_k4.0824969aa35211ec999da4c3f04f704a	gmtkEMtrain	4	1412	0	409.244917	0
470	emt0.20.1.traindir_res100000_k4.0824969aa35211ec999da4c3f04f704a	gmtkEMtrain	4	1355	0	410.108409	0
471	emt0.20.2.traindir_res100000_k4.0824969aa35211ec999da4c3f04f704a	gmtkEMtrain	4	1349	0	410.999637	0
472	emt0.20.3.traindir_res100000_k4.0824969aa35211ec999da4c3f04f704a	gmtkEMtrain	4	1339	0	411.93512200000004	0
473	emt0.20.4.traindir_res100000_k4.0824969aa35211ec999da4c3f04f704a	gmtkEMtrain	4	962	0	412.831913	0
474	emt0.20.7.traindir_res100000_k4.0824969aa35211ec999da4c3f04f704a	gmtkEMtrain	4	902	0	413.65317500000003	0
475	emt0.20.5.traindir_res100000_k4.0824969aa35211ec999da4c3f04f704a	gmtkEMtrain	4	883	0	414.483744	0
476	emt0.20.6.traindir_res100000_k4.0824969aa35211ec999da4c3f04f704a	gmtkEMtrain	4	825	0	415.37922399999997	0
477	emt0.20.8.traindir_res100000_k4.0824969aa35211ec999da4c3f04f704a	gmtkEMtrain	4	812	0	416.199662	0
478	emt0.20.9.traindir_res100000_k4.0824969aa35211ec999da4c3f04f704a	gmtkEMtrain	4	781	0	417.019532	0
479	emt0.20.12.traindir_res100000_k4.0824969aa35211ec999da4c3f04f704a	gmtkEMtrain	4	630	0	417.766956	0
480	emt0.20.10.traindir_res100000_k4.0824969aa35211ec999da4c3f04f704a	gmtkEMtrain	4	591	0	418.62025100000005	0
481	emt0.20.13.traindir_res100000_k4.0824969aa35211ec999da4c3f04f704a	gmtkEMtrain	4	388	0	419.453261	0
482	emt0.20.14.traindir_res100000_k4.0824969aa35211ec999da4c3f04f704a	gmtkEMtrain	4	353	0	420.283784	0
483	emt0.20.bundle.traindir_res100000_k4.0824969aa35211ec999da4c3f04f704a	gmtkEMtrain	4	0	0	420.831801	0
484	emt0.21.0.traindir_res100000_k4.0824969aa35211ec999da4c3f04f704a	gmtkEMtrain	4	2488	0	421.701072	0
485	emt0.21.11.traindir_res100000_k4.0824969aa35211ec999da4c3f04f704a	gmtkEMtrain	4	2431	0	422.550677	0
486	emt0.21.15.traindir_res100000_k4.0824969aa35211ec999da4c3f04f704a	gmtkEMtrain	4	1979	0	423.469698	0
487	emt0.21.16.traindir_res100000_k4.0824969aa35211ec999da4c3f04f704a	gmtkEMtrain	4	1911	0	424.36417200000005	0
488	emt0.21.17.traindir_res100000_k4.0824969aa35211ec999da4c3f04f704a	gmtkEMtrain	4	1808	0	425.27973999999995	0
489	emt0.21.18.traindir_res100000_k4.0824969aa35211ec999da4c3f04f704a	gmtkEMtrain	4	1708	0	426.25055199999997	0
490	emt0.21.19.traindir_res100000_k4.0824969aa35211ec999da4c3f04f704a	gmtkEMtrain	4	1592	0	427.157239	0
491	emt0.21.20.traindir_res100000_k4.0824969aa35211ec999da4c3f04f704a	gmtkEMtrain	4	1463	0	428.03153799999995	0
492	emt0.21.21.traindir_res100000_k4.0824969aa35211ec999da4c3f04f704a	gmtkEMtrain	4	1412	0	428.899727	0
493	emt0.21.1.traindir_res100000_k4.0824969aa35211ec999da4c3f04f704a	gmtkEMtrain	4	1355	0	429.726783	0
494	emt0.21.2.traindir_res100000_k4.0824969aa35211ec999da4c3f04f704a	gmtkEMtrain	4	1349	0	430.610133	0
495	emt0.21.3.traindir_res100000_k4.0824969aa35211ec999da4c3f04f704a	gmtkEMtrain	4	1339	0	431.411146	0
496	emt0.21.4.traindir_res100000_k4.0824969aa35211ec999da4c3f04f704a	gmtkEMtrain	4	962	0	432.232827	0
497	emt0.21.7.traindir_res100000_k4.0824969aa35211ec999da4c3f04f704a	gmtkEMtrain	4	902	0	433.046384	0
498	emt0.21.5.traindir_res100000_k4.0824969aa35211ec999da4c3f04f704a	gmtkEMtrain	4	883	0	433.85080500000004	0
499	emt0.21.6.traindir_res100000_k4.0824969aa35211ec999da4c3f04f704a	gmtkEMtrain	4	825	0	434.657264	0
500	emt0.21.8.traindir_res100000_k4.0824969aa35211ec999da4c3f04f704a	gmtkEMtrain	4	812	0	435.454224	0
501	emt0.21.9.traindir_res100000_k4.0824969aa35211ec999da4c3f04f704a	gmtkEMtrain	4	781	0	436.25350199999997	0
502	emt0.21.12.traindir_res100000_k4.0824969aa35211ec999da4c3f04f704a	gmtkEMtrain	4	630	0	437.04370200000005	0
503	emt0.21.10.traindir_res100000_k4.0824969aa35211ec999da4c3f04f704a	gmtkEMtrain	4	591	0	437.765237	0
504	emt0.21.13.traindir_res100000_k4.0824969aa35211ec999da4c3f04f704a	gmtkEMtrain	4	388	0	438.51570200000003	0
505	emt0.21.14.traindir_res100000_k4.0824969aa35211ec999da4c3f04f704a	gmtkEMtrain	4	353	0	439.226555	0
506	emt0.21.bundle.traindir_res100000_k4.0824969aa35211ec999da4c3f04f704a	gmtkEMtrain	4	0	0	439.768467	0
507	emt0.22.0.traindir_res100000_k4.0824969aa35211ec999da4c3f04f704a	gmtkEMtrain	4	2488	0	440.821321	0
508	emt0.22.11.traindir_res100000_k4.0824969aa35211ec999da4c3f04f704a	gmtkEMtrain	4	2431	0	441.822996	0
509	emt0.22.15.traindir_res100000_k4.0824969aa35211ec999da4c3f04f704a	gmtkEMtrain	4	1979	0	442.68494	0
510	emt0.22.16.traindir_res100000_k4.0824969aa35211ec999da4c3f04f704a	gmtkEMtrain	4	1911	0	443.612643	0
511	emt0.22.17.traindir_res100000_k4.0824969aa35211ec999da4c3f04f704a	gmtkEMtrain	4	1808	0	444.54458800000003	0
512	emt0.22.18.traindir_res100000_k4.0824969aa35211ec999da4c3f04f704a	gmtkEMtrain	4	1708	0	445.394968	0
513	emt0.22.19.traindir_res100000_k4.0824969aa35211ec999da4c3f04f704a	gmtkEMtrain	4	1592	0	446.18460300000004	0
514	emt0.22.20.traindir_res100000_k4.0824969aa35211ec999da4c3f04f704a	gmtkEMtrain	4	1463	0	446.88804700000003	0
515	emt0.22.21.traindir_res100000_k4.0824969aa35211ec999da4c3f04f704a	gmtkEMtrain	4	1412	0	447.755923	0
516	emt0.22.1.traindir_res100000_k4.0824969aa35211ec999da4c3f04f704a	gmtkEMtrain	4	1355	0	448.624211	0
517	emt0.22.2.traindir_res100000_k4.0824969aa35211ec999da4c3f04f704a	gmtkEMtrain	4	1349	0	449.47089600000004	0
518	emt0.22.3.traindir_res100000_k4.0824969aa35211ec999da4c3f04f704a	gmtkEMtrain	4	1339	0	450.229151	0
519	emt0.22.4.traindir_res100000_k4.0824969aa35211ec999da4c3f04f704a	gmtkEMtrain	4	962	0	451.02673100000004	0
520	emt0.22.7.traindir_res100000_k4.0824969aa35211ec999da4c3f04f704a	gmtkEMtrain	4	902	0	451.785889	0
521	emt0.22.5.traindir_res100000_k4.0824969aa35211ec999da4c3f04f704a	gmtkEMtrain	4	883	0	452.601501	0
522	emt0.22.6.traindir_res100000_k4.0824969aa35211ec999da4c3f04f704a	gmtkEMtrain	4	825	0	453.348776	0
523	emt0.22.8.traindir_res100000_k4.0824969aa35211ec999da4c3f04f704a	gmtkEMtrain	4	812	0	454.156338	0
524	emt0.22.9.traindir_res100000_k4.0824969aa35211ec999da4c3f04f704a	gmtkEMtrain	4	781	0	454.97491	0
525	emt0.22.12.traindir_res100000_k4.0824969aa35211ec999da4c3f04f704a	gmtkEMtrain	4	630	0	455.77740900000003	0
526	emt0.22.10.traindir_res100000_k4.0824969aa35211ec999da4c3f04f704a	gmtkEMtrain	4	591	0	456.49369	0
527	emt0.22.13.traindir_res100000_k4.0824969aa35211ec999da4c3f04f704a	gmtkEMtrain	4	388	0	457.204926	0
528	emt0.22.14.traindir_res100000_k4.0824969aa35211ec999da4c3f04f704a	gmtkEMtrain	4	353	0	457.92208000000005	0
529	emt0.22.bundle.traindir_res100000_k4.0824969aa35211ec999da4c3f04f704a	gmtkEMtrain	4	0	0	458.505176	0
530	emt0.23.0.traindir_res100000_k4.0824969aa35211ec999da4c3f04f704a	gmtkEMtrain	4	2488	0	459.505706	0
531	emt0.23.11.traindir_res100000_k4.0824969aa35211ec999da4c3f04f704a	gmtkEMtrain	4	2431	0	460.440419	0
532	emt0.23.15.traindir_res100000_k4.0824969aa35211ec999da4c3f04f704a	gmtkEMtrain	4	1979	0	461.340979	0
533	emt0.23.16.traindir_res100000_k4.0824969aa35211ec999da4c3f04f704a	gmtkEMtrain	4	1911	0	462.25074600000005	0
534	emt0.23.17.traindir_res100000_k4.0824969aa35211ec999da4c3f04f704a	gmtkEMtrain	4	1808	0	463.16253700000004	0
535	emt0.23.18.traindir_res100000_k4.0824969aa35211ec999da4c3f04f704a	gmtkEMtrain	4	1708	0	463.99300900000003	0
536	emt0.23.19.traindir_res100000_k4.0824969aa35211ec999da4c3f04f704a	gmtkEMtrain	4	1592	0	464.88128	0
537	emt0.23.20.traindir_res100000_k4.0824969aa35211ec999da4c3f04f704a	gmtkEMtrain	4	1463	0	465.60869199999996	0
538	emt0.23.21.traindir_res100000_k4.0824969aa35211ec999da4c3f04f704a	gmtkEMtrain	4	1412	0	466.445933	0
539	emt0.23.1.traindir_res100000_k4.0824969aa35211ec999da4c3f04f704a	gmtkEMtrain	4	1355	0	467.344835	0
540	emt0.23.2.traindir_res100000_k4.0824969aa35211ec999da4c3f04f704a	gmtkEMtrain	4	1349	0	468.182179	0
541	emt0.23.3.traindir_res100000_k4.0824969aa35211ec999da4c3f04f704a	gmtkEMtrain	4	1339	0	469.016387	0
542	emt0.23.4.traindir_res100000_k4.0824969aa35211ec999da4c3f04f704a	gmtkEMtrain	4	962	0	469.79832799999997	0
543	emt0.23.7.traindir_res100000_k4.0824969aa35211ec999da4c3f04f704a	gmtkEMtrain	4	902	0	470.553966	0
544	emt0.23.5.traindir_res100000_k4.0824969aa35211ec999da4c3f04f704a	gmtkEMtrain	4	883	0	471.347941	0
545	emt0.23.6.traindir_res100000_k4.0824969aa35211ec999da4c3f04f704a	gmtkEMtrain	4	825	0	472.190069	0
546	emt0.23.8.traindir_res100000_k4.0824969aa35211ec999da4c3f04f704a	gmtkEMtrain	4	812	0	473.04157000000004	0
547	emt0.23.9.traindir_res100000_k4.0824969aa35211ec999da4c3f04f704a	gmtkEMtrain	4	781	0	473.833552	0
548	emt0.23.12.traindir_res100000_k4.0824969aa35211ec999da4c3f04f704a	gmtkEMtrain	4	630	0	474.591155	0
549	emt0.23.10.traindir_res100000_k4.0824969aa35211ec999da4c3f04f704a	gmtkEMtrain	4	591	0	475.32518500000003	0
550	emt0.23.13.traindir_res100000_k4.0824969aa35211ec999da4c3f04f704a	gmtkEMtrain	4	388	0	475.940601	0
551	emt0.23.14.traindir_res100000_k4.0824969aa35211ec999da4c3f04f704a	gmtkEMtrain	4	353	0	476.709963	0
552	emt0.23.bundle.traindir_res100000_k4.0824969aa35211ec999da4c3f04f704a	gmtkEMtrain	4	0	0	477.395447	0
553	emt0.24.0.traindir_res100000_k4.0824969aa35211ec999da4c3f04f704a	gmtkEMtrain	4	2488	0	478.53249100000005	0
554	emt0.24.11.traindir_res100000_k4.0824969aa35211ec999da4c3f04f704a	gmtkEMtrain	4	2431	0	479.638499	0
555	emt0.24.15.traindir_res100000_k4.0824969aa35211ec999da4c3f04f704a	gmtkEMtrain	4	1979	0	480.774187	0
556	emt0.24.16.traindir_res100000_k4.0824969aa35211ec999da4c3f04f704a	gmtkEMtrain	4	1911	0	481.875683	0
557	emt0.24.17.traindir_res100000_k4.0824969aa35211ec999da4c3f04f704a	gmtkEMtrain	4	1808	0	482.954421	0
558	emt0.24.18.traindir_res100000_k4.0824969aa35211ec999da4c3f04f704a	gmtkEMtrain	4	1708	0	484.051867	0
559	emt0.24.19.traindir_res100000_k4.0824969aa35211ec999da4c3f04f704a	gmtkEMtrain	4	1592	0	485.026493	0
560	emt0.24.20.traindir_res100000_k4.0824969aa35211ec999da4c3f04f704a	gmtkEMtrain	4	1463	0	486.043601	0
561	emt0.24.21.traindir_res100000_k4.0824969aa35211ec999da4c3f04f704a	gmtkEMtrain	4	1412	0	487.009187	0
562	emt0.24.1.traindir_res100000_k4.0824969aa35211ec999da4c3f04f704a	gmtkEMtrain	4	1355	0	488.04810399999997	0
563	emt0.24.2.traindir_res100000_k4.0824969aa35211ec999da4c3f04f704a	gmtkEMtrain	4	1349	0	489.04307900000003	0
564	emt0.24.3.traindir_res100000_k4.0824969aa35211ec999da4c3f04f704a	gmtkEMtrain	4	1339	0	490.02673	0
565	emt0.24.4.traindir_res100000_k4.0824969aa35211ec999da4c3f04f704a	gmtkEMtrain	4	962	0	490.989423	0
566	emt0.24.7.traindir_res100000_k4.0824969aa35211ec999da4c3f04f704a	gmtkEMtrain	4	902	0	491.92058399999996	0
567	emt0.24.5.traindir_res100000_k4.0824969aa35211ec999da4c3f04f704a	gmtkEMtrain	4	883	0	492.824008	0
568	emt0.24.6.traindir_res100000_k4.0824969aa35211ec999da4c3f04f704a	gmtkEMtrain	4	825	0	493.751842	0
569	emt0.24.8.traindir_res100000_k4.0824969aa35211ec999da4c3f04f704a	gmtkEMtrain	4	812	0	494.681604	0
570	emt0.24.9.traindir_res100000_k4.0824969aa35211ec999da4c3f04f704a	gmtkEMtrain	4	781	0	495.570422	0
571	emt0.24.12.traindir_res100000_k4.0824969aa35211ec999da4c3f04f704a	gmtkEMtrain	4	630	0	496.479667	0
572	emt0.24.10.traindir_res100000_k4.0824969aa35211ec999da4c3f04f704a	gmtkEMtrain	4	591	0	497.273877	0
573	emt0.24.13.traindir_res100000_k4.0824969aa35211ec999da4c3f04f704a	gmtkEMtrain	4	388	0	498.136392	0
574	emt0.24.14.traindir_res100000_k4.0824969aa35211ec999da4c3f04f704a	gmtkEMtrain	4	353	0	499.016866	0
575	emt0.24.bundle.traindir_res100000_k4.0824969aa35211ec999da4c3f04f704a	gmtkEMtrain	4	0	0	499.546164	0
576	emt0.25.0.traindir_res100000_k4.0824969aa35211ec999da4c3f04f704a	gmtkEMtrain	4	2488	0	500.570875	0
577	emt0.25.11.traindir_res100000_k4.0824969aa35211ec999da4c3f04f704a	gmtkEMtrain	4	2431	0	501.53187299999996	0
578	emt0.25.15.traindir_res100000_k4.0824969aa35211ec999da4c3f04f704a	gmtkEMtrain	4	1979	0	502.380814	0
579	emt0.25.16.traindir_res100000_k4.0824969aa35211ec999da4c3f04f704a	gmtkEMtrain	4	1911	0	503.316994	0
580	emt0.25.17.traindir_res100000_k4.0824969aa35211ec999da4c3f04f704a	gmtkEMtrain	4	1808	0	504.293898	0
581	emt0.25.18.traindir_res100000_k4.0824969aa35211ec999da4c3f04f704a	gmtkEMtrain	4	1708	0	505.246463	0
582	emt0.25.19.traindir_res100000_k4.0824969aa35211ec999da4c3f04f704a	gmtkEMtrain	4	1592	0	506.171036	0
583	emt0.25.20.traindir_res100000_k4.0824969aa35211ec999da4c3f04f704a	gmtkEMtrain	4	1463	0	506.99548200000004	0
584	emt0.25.21.traindir_res100000_k4.0824969aa35211ec999da4c3f04f704a	gmtkEMtrain	4	1412	0	507.833445	0
585	emt0.25.1.traindir_res100000_k4.0824969aa35211ec999da4c3f04f704a	gmtkEMtrain	4	1355	0	508.58592100000004	0
586	emt0.25.2.traindir_res100000_k4.0824969aa35211ec999da4c3f04f704a	gmtkEMtrain	4	1349	0	509.344566	0
587	emt0.25.3.traindir_res100000_k4.0824969aa35211ec999da4c3f04f704a	gmtkEMtrain	4	1339	0	510.070872	0
588	emt0.25.4.traindir_res100000_k4.0824969aa35211ec999da4c3f04f704a	gmtkEMtrain	4	962	0	510.87791500000003	0
589	emt0.25.7.traindir_res100000_k4.0824969aa35211ec999da4c3f04f704a	gmtkEMtrain	4	902	0	511.66479499999997	0
590	emt0.25.5.traindir_res100000_k4.0824969aa35211ec999da4c3f04f704a	gmtkEMtrain	4	883	0	512.453996	0
591	emt0.25.6.traindir_res100000_k4.0824969aa35211ec999da4c3f04f704a	gmtkEMtrain	4	825	0	513.219688	0
592	emt0.25.8.traindir_res100000_k4.0824969aa35211ec999da4c3f04f704a	gmtkEMtrain	4	812	0	513.991054	0
593	emt0.25.9.traindir_res100000_k4.0824969aa35211ec999da4c3f04f704a	gmtkEMtrain	4	781	0	514.783039	0
594	emt0.25.12.traindir_res100000_k4.0824969aa35211ec999da4c3f04f704a	gmtkEMtrain	4	630	0	515.522215	0
595	emt0.25.10.traindir_res100000_k4.0824969aa35211ec999da4c3f04f704a	gmtkEMtrain	4	591	0	516.293807	0
596	emt0.25.13.traindir_res100000_k4.0824969aa35211ec999da4c3f04f704a	gmtkEMtrain	4	388	0	517.035257	0
597	emt0.25.14.traindir_res100000_k4.0824969aa35211ec999da4c3f04f704a	gmtkEMtrain	4	353	0	517.803542	0
598	emt0.25.bundle.traindir_res100000_k4.0824969aa35211ec999da4c3f04f704a	gmtkEMtrain	4	0	0	518.483889	0
599	emt0.26.0.traindir_res100000_k4.0824969aa35211ec999da4c3f04f704a	gmtkEMtrain	4	2488	0	519.4533759999999	0
600	emt0.26.11.traindir_res100000_k4.0824969aa35211ec999da4c3f04f704a	gmtkEMtrain	4	2431	0	520.294636	0
601	emt0.26.15.traindir_res100000_k4.0824969aa35211ec999da4c3f04f704a	gmtkEMtrain	4	1979	0	521.103057	0
602	emt0.26.16.traindir_res100000_k4.0824969aa35211ec999da4c3f04f704a	gmtkEMtrain	4	1911	0	522.058054	0
603	emt0.26.17.traindir_res100000_k4.0824969aa35211ec999da4c3f04f704a	gmtkEMtrain	4	1808	0	523.032042	0
604	emt0.26.18.traindir_res100000_k4.0824969aa35211ec999da4c3f04f704a	gmtkEMtrain	4	1708	0	524.000685	0
605	emt0.26.19.traindir_res100000_k4.0824969aa35211ec999da4c3f04f704a	gmtkEMtrain	4	1592	0	524.910744	0
606	emt0.26.20.traindir_res100000_k4.0824969aa35211ec999da4c3f04f704a	gmtkEMtrain	4	1463	0	525.795062	0
607	emt0.26.21.traindir_res100000_k4.0824969aa35211ec999da4c3f04f704a	gmtkEMtrain	4	1412	0	526.65695	0
608	emt0.26.1.traindir_res100000_k4.0824969aa35211ec999da4c3f04f704a	gmtkEMtrain	4	1355	0	527.523283	0
609	emt0.26.2.traindir_res100000_k4.0824969aa35211ec999da4c3f04f704a	gmtkEMtrain	4	1349	0	528.393405	0
610	emt0.26.3.traindir_res100000_k4.0824969aa35211ec999da4c3f04f704a	gmtkEMtrain	4	1339	0	529.24974	0
611	emt0.26.4.traindir_res100000_k4.0824969aa35211ec999da4c3f04f704a	gmtkEMtrain	4	962	0	530.092131	0
612	emt0.26.7.traindir_res100000_k4.0824969aa35211ec999da4c3f04f704a	gmtkEMtrain	4	902	0	530.911651	0
613	emt0.26.5.traindir_res100000_k4.0824969aa35211ec999da4c3f04f704a	gmtkEMtrain	4	883	0	531.554275	0
614	emt0.26.6.traindir_res100000_k4.0824969aa35211ec999da4c3f04f704a	gmtkEMtrain	4	825	0	532.350025	0
615	emt0.26.8.traindir_res100000_k4.0824969aa35211ec999da4c3f04f704a	gmtkEMtrain	4	812	0	533.1623040000001	0
616	emt0.26.9.traindir_res100000_k4.0824969aa35211ec999da4c3f04f704a	gmtkEMtrain	4	781	0	533.992248	0
617	emt0.26.12.traindir_res100000_k4.0824969aa35211ec999da4c3f04f704a	gmtkEMtrain	4	630	0	534.7761029999999	0
618	emt0.26.10.traindir_res100000_k4.0824969aa35211ec999da4c3f04f704a	gmtkEMtrain	4	591	0	535.496896	0
619	emt0.26.13.traindir_res100000_k4.0824969aa35211ec999da4c3f04f704a	gmtkEMtrain	4	388	0	536.258682	0
620	emt0.26.14.traindir_res100000_k4.0824969aa35211ec999da4c3f04f704a	gmtkEMtrain	4	353	0	536.98365	0
621	emt0.26.bundle.traindir_res100000_k4.0824969aa35211ec999da4c3f04f704a	gmtkEMtrain	4	0	0	537.520835	0
622	emt0.27.0.traindir_res100000_k4.0824969aa35211ec999da4c3f04f704a	gmtkEMtrain	4	2488	0	538.428973	0
623	emt0.27.11.traindir_res100000_k4.0824969aa35211ec999da4c3f04f704a	gmtkEMtrain	4	2431	0	539.393097	0
624	emt0.27.15.traindir_res100000_k4.0824969aa35211ec999da4c3f04f704a	gmtkEMtrain	4	1979	0	540.2733000000001	0
625	emt0.27.16.traindir_res100000_k4.0824969aa35211ec999da4c3f04f704a	gmtkEMtrain	4	1911	0	541.031389	0
626	emt0.27.17.traindir_res100000_k4.0824969aa35211ec999da4c3f04f704a	gmtkEMtrain	4	1808	0	541.892207	0
627	emt0.27.18.traindir_res100000_k4.0824969aa35211ec999da4c3f04f704a	gmtkEMtrain	4	1708	0	542.6414649999999	0
628	emt0.27.19.traindir_res100000_k4.0824969aa35211ec999da4c3f04f704a	gmtkEMtrain	4	1592	0	543.38282	0
629	emt0.27.20.traindir_res100000_k4.0824969aa35211ec999da4c3f04f704a	gmtkEMtrain	4	1463	0	544.242933	0
630	emt0.27.21.traindir_res100000_k4.0824969aa35211ec999da4c3f04f704a	gmtkEMtrain	4	1412	0	545.055526	0
631	emt0.27.1.traindir_res100000_k4.0824969aa35211ec999da4c3f04f704a	gmtkEMtrain	4	1355	0	545.884155	0
632	emt0.27.2.traindir_res100000_k4.0824969aa35211ec999da4c3f04f704a	gmtkEMtrain	4	1349	0	546.697708	0
633	emt0.27.3.traindir_res100000_k4.0824969aa35211ec999da4c3f04f704a	gmtkEMtrain	4	1339	0	547.411294	0
634	emt0.27.4.traindir_res100000_k4.0824969aa35211ec999da4c3f04f704a	gmtkEMtrain	4	962	0	548.224693	0
635	emt0.27.7.traindir_res100000_k4.0824969aa35211ec999da4c3f04f704a	gmtkEMtrain	4	902	0	548.917529	0
636	emt0.27.5.traindir_res100000_k4.0824969aa35211ec999da4c3f04f704a	gmtkEMtrain	4	883	0	549.66408	0
637	emt0.27.6.traindir_res100000_k4.0824969aa35211ec999da4c3f04f704a	gmtkEMtrain	4	825	0	550.405675	0
638	emt0.27.8.traindir_res100000_k4.0824969aa35211ec999da4c3f04f704a	gmtkEMtrain	4	812	0	551.101107	0
639	emt0.27.9.traindir_res100000_k4.0824969aa35211ec999da4c3f04f704a	gmtkEMtrain	4	781	0	551.753549	0
640	emt0.27.12.traindir_res100000_k4.0824969aa35211ec999da4c3f04f704a	gmtkEMtrain	4	630	0	552.364581	0
641	emt0.27.10.traindir_res100000_k4.0824969aa35211ec999da4c3f04f704a	gmtkEMtrain	4	591	0	552.983515	0
642	emt0.27.13.traindir_res100000_k4.0824969aa35211ec999da4c3f04f704a	gmtkEMtrain	4	388	0	553.725595	0
643	emt0.27.14.traindir_res100000_k4.0824969aa35211ec999da4c3f04f704a	gmtkEMtrain	4	353	0	554.607051	0
644	emt0.27.bundle.traindir_res100000_k4.0824969aa35211ec999da4c3f04f704a	gmtkEMtrain	4	0	0	555.15549	0
